2.600000000000000000e+01
2.040000000000000000e+02
2.170000000000000000e+02
2.370000000000000000e+02
2.710000000000000000e+02
2.750000000000000000e+02
3.790000000000000000e+02
4.170000000000000000e+02
4.180000000000000000e+02
5.130000000000000000e+02
5.230000000000000000e+02
5.310000000000000000e+02
5.850000000000000000e+02
6.040000000000000000e+02
6.470000000000000000e+02
9.140000000000000000e+02
9.410000000000000000e+02
9.450000000000000000e+02
9.780000000000000000e+02
1.017000000000000000e+03
1.031000000000000000e+03
1.037000000000000000e+03
1.060000000000000000e+03
1.075000000000000000e+03
1.110000000000000000e+03
1.133000000000000000e+03
1.155000000000000000e+03
1.230000000000000000e+03
1.746000000000000000e+03
1.852000000000000000e+03
1.977000000000000000e+03
2.103000000000000000e+03
2.370000000000000000e+03
2.461000000000000000e+03
2.713000000000000000e+03
2.716000000000000000e+03
2.906000000000000000e+03
2.938000000000000000e+03
3.038000000000000000e+03
3.206000000000000000e+03
3.230000000000000000e+03
3.344000000000000000e+03
3.417000000000000000e+03
3.436000000000000000e+03
3.455000000000000000e+03
3.503000000000000000e+03
3.519000000000000000e+03
3.535000000000000000e+03
3.547000000000000000e+03
3.549000000000000000e+03
3.551000000000000000e+03
3.592000000000000000e+03
4.055000000000000000e+03
4.075000000000000000e+03
4.078000000000000000e+03
4.089000000000000000e+03
4.111000000000000000e+03
4.153000000000000000e+03
4.165000000000000000e+03
4.170000000000000000e+03
4.264000000000000000e+03
4.484000000000000000e+03
4.534000000000000000e+03
4.978000000000000000e+03
5.123000000000000000e+03
5.158000000000000000e+03
5.307000000000000000e+03
5.440000000000000000e+03
5.582000000000000000e+03
5.624000000000000000e+03
5.648000000000000000e+03
5.734000000000000000e+03
5.756000000000000000e+03
5.764000000000000000e+03
5.814000000000000000e+03
5.882000000000000000e+03
6.108000000000000000e+03
6.192000000000000000e+03
6.268000000000000000e+03
6.323000000000000000e+03
6.501000000000000000e+03
6.708000000000000000e+03
6.812000000000000000e+03
6.822000000000000000e+03
6.834000000000000000e+03
6.862000000000000000e+03
7.105000000000000000e+03
7.124000000000000000e+03
7.138000000000000000e+03
7.222000000000000000e+03
7.227000000000000000e+03
7.253000000000000000e+03
7.275000000000000000e+03
7.285000000000000000e+03
7.311000000000000000e+03
7.327000000000000000e+03
7.330000000000000000e+03
7.333000000000000000e+03
7.491000000000000000e+03
8.080000000000000000e+03
8.162000000000000000e+03
8.215000000000000000e+03
8.222000000000000000e+03
8.263000000000000000e+03
8.402000000000000000e+03
8.652000000000000000e+03
9.216000000000000000e+03
9.223000000000000000e+03
9.261000000000000000e+03
9.267000000000000000e+03
9.292000000000000000e+03
9.298000000000000000e+03
9.350000000000000000e+03
9.367000000000000000e+03
9.449000000000000000e+03
9.472000000000000000e+03
9.547000000000000000e+03
9.570000000000000000e+03
9.653000000000000000e+03
9.734000000000000000e+03
9.746000000000000000e+03
9.979000000000000000e+03
1.008500000000000000e+04
1.013300000000000000e+04
1.013900000000000000e+04
1.042000000000000000e+04
1.044800000000000000e+04
1.063100000000000000e+04
1.066200000000000000e+04
1.092800000000000000e+04
1.113200000000000000e+04
1.128300000000000000e+04
1.136600000000000000e+04
1.152200000000000000e+04
1.152300000000000000e+04
1.155800000000000000e+04
1.176000000000000000e+04
1.179900000000000000e+04
1.180900000000000000e+04
1.181500000000000000e+04
1.185500000000000000e+04
1.186100000000000000e+04
1.189300000000000000e+04
1.193900000000000000e+04
1.195300000000000000e+04
1.196500000000000000e+04
1.213600000000000000e+04
1.244000000000000000e+04
1.257800000000000000e+04
1.271100000000000000e+04
1.274600000000000000e+04
1.280700000000000000e+04
1.284500000000000000e+04
1.291700000000000000e+04
1.291800000000000000e+04
1.325300000000000000e+04
1.329300000000000000e+04
1.329600000000000000e+04
1.337200000000000000e+04
1.385600000000000000e+04
1.398100000000000000e+04
1.398200000000000000e+04
1.398700000000000000e+04
1.406000000000000000e+04
1.414200000000000000e+04
1.431000000000000000e+04
1.442200000000000000e+04
1.442600000000000000e+04
1.501800000000000000e+04
1.502200000000000000e+04
1.510600000000000000e+04
1.515700000000000000e+04
1.528500000000000000e+04
1.530100000000000000e+04
1.530500000000000000e+04
1.535900000000000000e+04
1.536900000000000000e+04
1.537300000000000000e+04
1.538900000000000000e+04
1.540000000000000000e+04
1.571800000000000000e+04
1.572800000000000000e+04
1.584000000000000000e+04
1.592000000000000000e+04
1.597400000000000000e+04
1.605000000000000000e+04
1.610000000000000000e+04
1.614800000000000000e+04
1.650800000000000000e+04
1.660800000000000000e+04
1.665600000000000000e+04
1.693000000000000000e+04
1.712000000000000000e+04
1.723900000000000000e+04
1.735900000000000000e+04
1.761800000000000000e+04
1.766400000000000000e+04
1.784400000000000000e+04
1.790000000000000000e+04
1.801300000000000000e+04
1.801600000000000000e+04
1.807400000000000000e+04
1.807500000000000000e+04
1.809100000000000000e+04
1.810100000000000000e+04
1.818800000000000000e+04
1.828600000000000000e+04
1.834200000000000000e+04
1.835900000000000000e+04
1.836600000000000000e+04
1.837200000000000000e+04
1.838900000000000000e+04
1.840700000000000000e+04
1.840900000000000000e+04
1.845100000000000000e+04
1.854600000000000000e+04
1.855200000000000000e+04
1.864700000000000000e+04
1.866200000000000000e+04
1.866300000000000000e+04
1.876000000000000000e+04
1.881400000000000000e+04
1.888000000000000000e+04
1.904800000000000000e+04
1.907000000000000000e+04
1.907600000000000000e+04
1.927900000000000000e+04
1.928900000000000000e+04
1.931900000000000000e+04
1.932800000000000000e+04
1.953400000000000000e+04
1.967400000000000000e+04
1.991800000000000000e+04
2.005400000000000000e+04
2.044300000000000000e+04
2.053400000000000000e+04
2.080200000000000000e+04
2.087000000000000000e+04
2.096700000000000000e+04
2.103000000000000000e+04
2.110900000000000000e+04
2.117100000000000000e+04
2.124700000000000000e+04
2.124800000000000000e+04
2.128800000000000000e+04
2.129200000000000000e+04
2.141400000000000000e+04
2.142400000000000000e+04
2.143000000000000000e+04
2.147600000000000000e+04
2.243700000000000000e+04
2.243800000000000000e+04
2.252500000000000000e+04
2.274800000000000000e+04
2.330200000000000000e+04
2.349200000000000000e+04
2.366400000000000000e+04
2.371300000000000000e+04
2.385400000000000000e+04
2.390400000000000000e+04
2.401800000000000000e+04
2.412200000000000000e+04
2.430200000000000000e+04
2.435600000000000000e+04
2.436000000000000000e+04
2.436600000000000000e+04
2.442100000000000000e+04
2.443600000000000000e+04
2.458000000000000000e+04
2.484800000000000000e+04
2.504400000000000000e+04
2.550200000000000000e+04
2.569700000000000000e+04
2.583200000000000000e+04
2.585800000000000000e+04
2.589800000000000000e+04
2.593400000000000000e+04
2.619300000000000000e+04
2.626800000000000000e+04
2.629500000000000000e+04
2.647100000000000000e+04
2.647600000000000000e+04
2.650600000000000000e+04
2.655900000000000000e+04
2.657500000000000000e+04
2.657900000000000000e+04
2.658100000000000000e+04
2.659900000000000000e+04
2.661000000000000000e+04
2.661700000000000000e+04
2.662700000000000000e+04
2.685800000000000000e+04
2.687000000000000000e+04
2.712900000000000000e+04
2.718700000000000000e+04
2.718900000000000000e+04
2.719800000000000000e+04
2.727000000000000000e+04
2.730800000000000000e+04
2.774600000000000000e+04
2.775900000000000000e+04
2.779100000000000000e+04
2.811000000000000000e+04
2.836100000000000000e+04
2.848800000000000000e+04
2.865700000000000000e+04
2.867000000000000000e+04
2.870600000000000000e+04
2.879200000000000000e+04
2.894200000000000000e+04
2.909300000000000000e+04
2.910700000000000000e+04
2.920700000000000000e+04
2.921500000000000000e+04
2.928400000000000000e+04
2.929600000000000000e+04
2.932600000000000000e+04
2.955300000000000000e+04
2.958100000000000000e+04
2.958700000000000000e+04
2.961500000000000000e+04
2.974400000000000000e+04
2.981400000000000000e+04
2.996700000000000000e+04
3.000500000000000000e+04
3.002700000000000000e+04
3.019400000000000000e+04
3.019800000000000000e+04
3.027200000000000000e+04
3.036400000000000000e+04
3.041400000000000000e+04
3.052100000000000000e+04
3.055300000000000000e+04
3.088800000000000000e+04
3.119700000000000000e+04
3.128700000000000000e+04
3.129600000000000000e+04
3.135800000000000000e+04
3.137800000000000000e+04
3.157000000000000000e+04
3.157800000000000000e+04
3.160900000000000000e+04
3.196600000000000000e+04
3.209600000000000000e+04
3.227700000000000000e+04
3.235800000000000000e+04
3.254000000000000000e+04
3.262300000000000000e+04
3.266100000000000000e+04
3.266900000000000000e+04
3.267500000000000000e+04
3.267700000000000000e+04
3.268100000000000000e+04
3.274100000000000000e+04
3.275600000000000000e+04
3.279100000000000000e+04
3.282300000000000000e+04
3.283000000000000000e+04
3.312400000000000000e+04
3.324500000000000000e+04
3.350600000000000000e+04
3.355800000000000000e+04
3.363700000000000000e+04
3.383400000000000000e+04
3.418600000000000000e+04
3.422100000000000000e+04
3.427200000000000000e+04
3.453200000000000000e+04
3.473300000000000000e+04
3.484600000000000000e+04
3.485200000000000000e+04
3.493400000000000000e+04
3.495500000000000000e+04
3.500800000000000000e+04
3.502600000000000000e+04
3.504800000000000000e+04
3.509400000000000000e+04
3.525500000000000000e+04
3.526600000000000000e+04
3.527600000000000000e+04
3.536700000000000000e+04
3.553900000000000000e+04
3.572500000000000000e+04
3.573400000000000000e+04
3.579800000000000000e+04
3.594200000000000000e+04
3.602700000000000000e+04
3.620000000000000000e+04
3.624600000000000000e+04
3.634400000000000000e+04
3.635600000000000000e+04
3.648300000000000000e+04
3.653200000000000000e+04
3.679400000000000000e+04
3.686400000000000000e+04
3.744100000000000000e+04
3.753100000000000000e+04
3.759800000000000000e+04
3.762900000000000000e+04
3.763500000000000000e+04
3.764100000000000000e+04
3.764800000000000000e+04
3.765000000000000000e+04
3.765200000000000000e+04
3.765500000000000000e+04
3.780200000000000000e+04
3.792000000000000000e+04
3.802900000000000000e+04
3.803900000000000000e+04
3.807200000000000000e+04
3.819600000000000000e+04
3.824800000000000000e+04
3.826300000000000000e+04
3.828700000000000000e+04
3.833700000000000000e+04
3.837100000000000000e+04
3.838400000000000000e+04
3.840800000000000000e+04
3.841500000000000000e+04
3.841900000000000000e+04
3.842500000000000000e+04
3.844900000000000000e+04
3.845500000000000000e+04
3.846300000000000000e+04
3.846500000000000000e+04
3.858600000000000000e+04
3.860100000000000000e+04
3.896800000000000000e+04
3.910600000000000000e+04
3.924800000000000000e+04
3.932400000000000000e+04
3.935200000000000000e+04
3.935400000000000000e+04
3.940900000000000000e+04
3.952000000000000000e+04
3.977300000000000000e+04
3.978200000000000000e+04
3.979100000000000000e+04
3.980500000000000000e+04
3.991600000000000000e+04
3.995000000000000000e+04
4.005200000000000000e+04
4.008600000000000000e+04
4.014800000000000000e+04
4.053800000000000000e+04
4.077300000000000000e+04
4.079000000000000000e+04
4.116300000000000000e+04
4.121000000000000000e+04
4.133900000000000000e+04
4.137300000000000000e+04
4.141800000000000000e+04
4.143500000000000000e+04
4.151100000000000000e+04
4.153600000000000000e+04
4.154200000000000000e+04
4.156200000000000000e+04
4.159600000000000000e+04
4.162300000000000000e+04
4.168500000000000000e+04
4.177700000000000000e+04
4.182400000000000000e+04
4.195000000000000000e+04
4.202800000000000000e+04
4.209800000000000000e+04
4.211400000000000000e+04
4.218200000000000000e+04
4.240000000000000000e+04
4.243500000000000000e+04
4.245500000000000000e+04
4.245900000000000000e+04
4.246500000000000000e+04
4.249100000000000000e+04
4.250300000000000000e+04
4.278200000000000000e+04
4.287400000000000000e+04
4.308500000000000000e+04
4.311800000000000000e+04
4.317400000000000000e+04
4.331600000000000000e+04
4.335000000000000000e+04
4.368400000000000000e+04
4.383700000000000000e+04
4.388100000000000000e+04
4.392700000000000000e+04
4.398700000000000000e+04
4.400300000000000000e+04
4.405800000000000000e+04
4.415100000000000000e+04
4.422000000000000000e+04
4.468900000000000000e+04
4.472400000000000000e+04
4.472500000000000000e+04
4.480500000000000000e+04
4.482200000000000000e+04
4.492200000000000000e+04
4.509900000000000000e+04
4.525400000000000000e+04
4.529000000000000000e+04
4.550100000000000000e+04
4.550700000000000000e+04
4.552100000000000000e+04
4.553700000000000000e+04
4.555900000000000000e+04
4.568100000000000000e+04
4.579000000000000000e+04
4.586400000000000000e+04
4.587500000000000000e+04
4.600100000000000000e+04
4.601500000000000000e+04
4.602300000000000000e+04
4.602900000000000000e+04
4.608500000000000000e+04
4.609300000000000000e+04
4.610300000000000000e+04
4.621300000000000000e+04
4.623600000000000000e+04
4.655800000000000000e+04
4.658300000000000000e+04
4.698400000000000000e+04
4.709200000000000000e+04
4.767000000000000000e+04
4.792800000000000000e+04
4.833600000000000000e+04
4.889700000000000000e+04
4.894300000000000000e+04
4.894500000000000000e+04
4.897100000000000000e+04
4.898300000000000000e+04
4.901200000000000000e+04
4.924100000000000000e+04
4.935500000000000000e+04
4.938400000000000000e+04
4.939200000000000000e+04
4.939800000000000000e+04
4.940000000000000000e+04
4.942000000000000000e+04
4.944000000000000000e+04
4.948000000000000000e+04
4.955500000000000000e+04
4.960300000000000000e+04
4.966900000000000000e+04
4.978600000000000000e+04
4.987800000000000000e+04
4.989700000000000000e+04
5.004900000000000000e+04
5.005100000000000000e+04
5.005600000000000000e+04
5.012000000000000000e+04
5.024900000000000000e+04
5.040400000000000000e+04
5.077200000000000000e+04
5.087400000000000000e+04
5.101000000000000000e+04
5.120600000000000000e+04
5.136400000000000000e+04
5.138200000000000000e+04
5.139700000000000000e+04
5.153000000000000000e+04
5.172300000000000000e+04
5.172400000000000000e+04
5.187200000000000000e+04
5.192500000000000000e+04
5.200100000000000000e+04
5.200800000000000000e+04
5.207200000000000000e+04
5.207400000000000000e+04
5.207600000000000000e+04
5.209900000000000000e+04
5.214500000000000000e+04
5.219900000000000000e+04
5.226700000000000000e+04
5.227800000000000000e+04
5.239800000000000000e+04
5.253100000000000000e+04
5.258100000000000000e+04
5.258500000000000000e+04
5.262100000000000000e+04
5.277900000000000000e+04
5.291500000000000000e+04
5.317500000000000000e+04
5.331300000000000000e+04
5.336100000000000000e+04
5.346600000000000000e+04
5.358400000000000000e+04
5.367900000000000000e+04
5.371400000000000000e+04
5.379000000000000000e+04
5.389500000000000000e+04
5.406500000000000000e+04
5.422200000000000000e+04
5.424400000000000000e+04
5.430900000000000000e+04
5.441700000000000000e+04
5.446100000000000000e+04
5.460600000000000000e+04
5.466300000000000000e+04
5.469100000000000000e+04
5.486300000000000000e+04
5.498000000000000000e+04
5.508200000000000000e+04
5.523500000000000000e+04
5.523900000000000000e+04
5.531600000000000000e+04
5.533400000000000000e+04
5.537900000000000000e+04
5.539600000000000000e+04
5.541700000000000000e+04
5.546800000000000000e+04
5.597100000000000000e+04
5.598700000000000000e+04
5.600600000000000000e+04
5.605600000000000000e+04
5.605800000000000000e+04
5.607000000000000000e+04
5.608000000000000000e+04
5.608800000000000000e+04
5.611300000000000000e+04
5.612200000000000000e+04
5.614500000000000000e+04
5.618600000000000000e+04
5.623600000000000000e+04
5.626000000000000000e+04
5.627200000000000000e+04
5.634800000000000000e+04
5.653700000000000000e+04
5.660200000000000000e+04
5.660400000000000000e+04
5.676300000000000000e+04
5.676700000000000000e+04
5.693800000000000000e+04
5.696900000000000000e+04
5.704400000000000000e+04
5.707000000000000000e+04
5.707400000000000000e+04
5.716800000000000000e+04
5.718800000000000000e+04
5.724800000000000000e+04
5.727000000000000000e+04
5.736000000000000000e+04
5.761200000000000000e+04
5.768500000000000000e+04
5.783900000000000000e+04
5.785900000000000000e+04
5.789000000000000000e+04
5.791300000000000000e+04
5.796700000000000000e+04
5.800100000000000000e+04
5.807300000000000000e+04
5.808000000000000000e+04
5.808900000000000000e+04
5.825100000000000000e+04
5.830700000000000000e+04
5.849100000000000000e+04
5.849900000000000000e+04
5.852900000000000000e+04
5.854900000000000000e+04
5.855500000000000000e+04
5.855900000000000000e+04
5.856300000000000000e+04
5.858800000000000000e+04
5.859000000000000000e+04
5.859400000000000000e+04
5.861000000000000000e+04
5.865900000000000000e+04
5.867200000000000000e+04
5.867800000000000000e+04
5.868400000000000000e+04
5.872400000000000000e+04
5.876100000000000000e+04
5.882700000000000000e+04
5.890600000000000000e+04
5.905300000000000000e+04
5.952000000000000000e+04
5.975600000000000000e+04
5.999100000000000000e+04
