5.831728887157704849e-02
-2.152638828312792175e-03
2.048193591021962162e-02
-1.630050982303501853e-03
4.191709091993304354e-02
1.975703935534360231e-02
-6.030102532840839191e-02
-3.840822256234370513e-02
3.078045547444222332e-02
4.294600809357625865e-02
-2.441226426111283224e-02
-2.625810713997753579e-02
-1.289404807937444622e-02
1.922389709179812833e-02
-1.825070585289893452e-02
-5.870578491825505230e-02
-7.693463529589436578e-02
-7.997569359759469990e-03
4.666100690806473245e-02
-1.501638615721415972e-02
-1.433178500945680306e-02
-4.130120009315493834e-02
-4.410005847644061366e-02
-9.612618505279059422e-02
-1.772394231780970858e-02
-9.678872433705069944e-03
-8.450312208554142113e-02
2.989080483189406057e-02
2.227052030026251822e-02
4.240552910929525771e-02
3.579312149437519075e-02
1.626760159497629699e-02
-3.036786055581721169e-02
-5.532058215879619156e-02
1.177669045247267850e-02
-3.792681524376718266e-02
1.201987953964822609e-02
-1.122798405852188167e-02
8.045997783622409194e-03
5.813819605255291650e-03
2.003628237473165791e-02
1.677071136584470240e-02
-5.864639160972293097e-02
2.086327458632989199e-02
3.584533874814639642e-02
1.112742962485788190e-02
-2.448224640712788960e-02
-1.101062694666633986e-02
-1.492457028809629667e-02
-2.679278821222299406e-02
6.978376610936226632e-02
-3.145264428035507258e-03
-3.356637915371751130e-02
2.365824456786860125e-02
4.686578050927869832e-02
-3.066664015267978396e-02
-4.890138762644247183e-02
6.484575506142067902e-02
-1.287457109208956819e-02
-4.204534134099643244e-02
-4.369254601214826728e-02
7.133722356802686682e-02
8.573006372433095157e-02
2.901363674475897908e-02
-4.355800726387974026e-02
2.653399170915828054e-02
-2.336372129916862439e-02
6.287255553407970765e-02
2.735302925611552902e-02
4.035364939677944796e-02
-8.012714602168767575e-02
3.236144289114275402e-02
1.562321630775817538e-02
2.469207372283288918e-02
-8.043048801890240532e-03
-1.369829309393533374e-02
2.828839189372839985e-02
-2.084345582938812100e-02
1.723061010382506350e-02
1.209505928200979748e-02
2.650561857025348148e-02
3.692651103273104918e-02
-4.281081464067834630e-02
-3.202187232555080663e-03
8.571682062538867053e-03
2.800750560517807804e-03
-1.160377231419083745e-03
8.585608658950598729e-03
-2.288227081357725734e-02
-3.257167257393613069e-02
-2.710923349239452787e-02
-5.881728491139711495e-03
-1.410826952419546795e-02
3.107286205277954086e-02
5.326606685301485053e-03
-5.376232070657419038e-02
1.027014831052181339e-04
1.229382834325437740e-01
-4.978377714138891227e-03
3.855899672741697724e-03
-5.890338089381587372e-02
-3.935678401091288747e-02
-1.065765996608589866e-02
4.315085041163595203e-02
1.040651596611351978e-03
6.327531948169989873e-02
-4.180119908594628897e-02
-1.936643781904874920e-02
-5.041155780593800650e-02
-2.395318356568592807e-03
1.755432475040053647e-02
2.152090603978088976e-02
2.512113929498581422e-02
1.777056066639612006e-02
4.295024625591144229e-02
-7.437052077844531761e-02
-2.751574803897040983e-02
2.900596273271210945e-02
6.814231576987937050e-03
3.979897759561139281e-02
-3.383759267457965569e-02
-7.599061907654570264e-03
3.641079399669402365e-03
1.557877645913497561e-02
3.187422614498328782e-02
9.922027187338934226e-03
9.195149222580568937e-02
-1.951641590691222811e-02
4.845798441820696467e-02
-1.616432765358857479e-02
5.132997556802577216e-02
-3.618658382300611598e-02
-4.167307660851389539e-02
4.636484096311489778e-02
-5.579560157499610651e-02
-6.542589459364538292e-03
-3.547285926451917981e-02
6.075762767868769093e-02
-2.262164758005514448e-02
5.069958753948395486e-02
1.014827371108858144e-02
-1.243868386086889946e-02
7.916599873337013676e-03
2.665035967667128691e-02
-1.905418303416777509e-02
2.997502270366314212e-02
8.988340501094307933e-02
-4.339522975240261288e-02
5.784675820500551069e-02
9.550218810063869357e-02
-6.361061702570883214e-02
-3.205915617468364093e-02
3.623758256496994318e-02
3.657435439941250643e-02
2.054741329191173485e-02
7.265735327550511616e-03
-2.931548422276186033e-02
3.899573041891205710e-02
8.875628218569939221e-02
-6.599466530965633626e-02
3.658675821528439148e-02
-6.852176902137721570e-02
-1.204361383480820509e-02
-4.853458170885464190e-02
6.349798082831718295e-03
8.623111759691548528e-03
6.203666755492283358e-02
-4.919117063541744717e-02
-1.619997783109984255e-02
9.371202730595346031e-02
1.225654408141053746e-02
2.063188303026279244e-02
-8.333395612743436237e-03
7.742032385261958527e-02
2.329864283799562910e-02
1.690045897098859003e-03
8.862060251098879699e-04
-8.402217861829795048e-03
-3.410197443130801725e-02
-9.116000775999262562e-02
8.779703489456686105e-02
1.829118342896116772e-02
-6.239189337251605655e-02
-1.039751821420746986e-01
1.399199776066709783e-02
8.057382811421920366e-02
-5.240748026414169397e-03
3.401397483232102004e-02
2.677847658012066576e-02
3.220858875325883879e-03
-2.244909189816498684e-03
-9.717057805580770575e-04
-9.357708485589703168e-03
8.437633751464104770e-02
-1.443924574938609817e-03
4.229193876483119952e-02
4.726302527154858241e-02
-7.413934229789323482e-02
-3.062278059127074639e-02
-6.003291214918187596e-02
1.492773823211156550e-02
-3.755368164790241076e-02
-8.221230221831508402e-04
7.935322902800572660e-04
-4.865092493868882102e-03
3.766888332724086658e-02
-8.847910939404771136e-02
-9.029378978697066849e-02
-6.268325488572026524e-03
2.829099027459224674e-02
-2.154653311160363224e-02
-7.761229055477913974e-02
1.277936576777092582e-02
-2.725886484524277925e-02
-5.174768996051510445e-02
5.461094460282982406e-03
6.414508098260188196e-02
-2.897775183146716893e-02
-5.700892328177991492e-02
3.405057820170034194e-02
8.989823144787465956e-03
2.032482769011537821e-02
3.335338895541507115e-02
8.743593936555808799e-02
8.057262862989438001e-02
3.195064935917112103e-02
-1.752941002043804236e-02
-2.347893679515017373e-02
-3.001114151828835133e-02
1.944467855808531404e-02
-3.383234036334450967e-02
3.195977907320669831e-02
7.557296451709695495e-02
-2.835118000212799236e-02
-4.457099494012481400e-02
3.392438426632189696e-02
3.825815079459298938e-04
1.768072754232155120e-03
-2.155474661084146384e-02
-2.154346835220685361e-02
2.289795781893157883e-02
-5.149872794126694742e-02
-3.244743665839737445e-02
4.720625697322777120e-02
-2.595738837311066180e-02
-2.373270184108490499e-02
-9.091297565198555586e-02
1.171914257483828558e-03
7.128741198328093776e-02
-3.457094322036685652e-02
-1.840005992494280970e-02
2.619751872751938798e-02
4.433014486885845234e-02
-8.193011428572757188e-03
-8.178332730889607827e-02
-8.655240410725836830e-03
1.737456885717863705e-02
2.310649247996017855e-02
-5.104958987184817117e-03
-3.814493118777986542e-03
7.192378167203310364e-03
7.442359429794202785e-02
1.571270215337852022e-02
8.694053234383861128e-02
2.579277134629202189e-02
-2.472229299330286692e-02
9.780021556025145918e-03
1.525282480584039778e-03
3.669629617588794634e-02
1.990255530332725020e-03
-2.303874213551349720e-02
4.758070260250810146e-02
8.062542774274247814e-02
1.933053262171335190e-02
3.227457367289900819e-02
-6.583817256617627289e-02
-1.709216607880554000e-03
6.059577372750674963e-03
-5.211733454971350515e-02
3.484316469915692965e-02
3.406926926748470724e-02
-6.887706021510129999e-03
4.950446942877823747e-02
1.892831390266905625e-02
1.584841880296954802e-02
-5.204179413595606124e-02
-4.493386622933643292e-03
-2.891517968865633600e-02
-8.461716895145833528e-03
-1.702371142159916570e-02
3.517566046858351669e-02
-3.475392931092190912e-02
-7.847173616270790731e-04
-3.942416740332082420e-02
-6.827566313634483852e-02
-3.469081820034158360e-03
4.908384960617844656e-02
3.121598401529905240e-02
-2.208365446258741746e-02
-1.287180158711971056e-01
1.938640041205053760e-02
5.490903401308944165e-02
-2.053118377335282074e-02
-3.558281507549222733e-02
4.269985387082024519e-02
-6.589408443411438887e-02
-6.580116186313261784e-02
-2.996959779329701028e-03
5.036223045801783288e-02
-3.016330506829335845e-02
2.438620755058712106e-02
-8.878422919495147086e-03
1.428420388721369366e-02
-6.889890936300244184e-02
4.784195208394687558e-03
-3.970281233960411965e-02
2.585003567253379032e-03
2.618539042742279443e-02
-1.247548203163572830e-02
-1.717428509978571188e-02
2.490586091602417854e-02
1.129631202223731375e-02
-8.564601173918658800e-03
5.592888078569671628e-02
-6.099897899842528226e-02
3.327388640409865289e-02
4.241705043812819126e-02
-9.164080333908673770e-02
1.937732207038289634e-02
-4.447224837233566125e-02
-3.020426302589823697e-02
3.747357711822690146e-02
-2.521281545781969141e-02
-1.723988307374778317e-02
-6.060013571904329654e-02
-2.374092125738411566e-02
5.309553372531669591e-02
2.667485565902805861e-02
-1.473055949361883749e-02
-9.849643694050325832e-03
-6.221490382812902564e-02
-6.240379345580884807e-02
2.819263904682556623e-02
2.877026358310925958e-02
3.680133235854630980e-02
-3.488046784130491296e-02
-2.858749462340620315e-02
-8.733043891219410826e-02
-1.064706991656374016e-02
-4.114954910188425158e-02
-2.829323075813119578e-02
1.281332878409461792e-02
-2.990016669303236646e-02
1.283745296491311735e-02
-9.487543138128265094e-03
3.177225940763268863e-02
2.505971458084354803e-03
8.757081578349061243e-03
-3.191063211839238745e-02
2.540011689054895785e-02
5.812994701261399444e-02
4.757563035174316307e-02
-7.763319300572667225e-02
-9.158838685435537197e-03
5.686217764337078359e-03
-1.757602939606345629e-02
-6.660863965546427734e-02
7.551898634020813746e-03
5.978722976916713873e-03
-4.876318146664433001e-02
-2.543844094528029121e-02
5.759078139863132301e-02
3.074146713020225324e-02
-1.820344327989902727e-02
-3.859219964033255845e-02
-1.696266140608446507e-02
2.673299521555682484e-02
-5.006441988925349959e-03
9.640385759246321642e-03
-5.583038055470205055e-03
-5.707931097776131751e-02
9.702810453472071606e-03
3.557862718000182750e-02
-6.613623523892524746e-03
-1.226992230562318903e-02
6.758594674840878724e-02
5.564976373281216304e-02
-1.673498502333230220e-02
-3.921767714890268819e-02
6.026715073149174415e-03
-7.366320270472744990e-05
-3.330311610486706014e-02
4.467132712021867208e-02
-1.185045470017988094e-02
9.550419791938926858e-03
-3.923441653698078041e-03
2.370337053516772402e-02
1.691815799687023877e-02
4.412624592761762998e-02
-3.465514909073995342e-02
-4.576613697276581821e-02
-4.524458629295644019e-02
-8.950647090409710738e-02
-2.610657554831432095e-02
2.499284700724923453e-02
-3.802981483166460730e-02
-3.327195119754909614e-02
1.197743150076365989e-02
-5.523695479014904125e-02
3.137309230729445203e-02
3.770974903253105498e-02
-3.188634108350553442e-02
-4.287659847772285621e-02
2.466339708912759429e-02
1.056922465974282771e-01
3.904619617146649208e-02
-1.584647183979476931e-02
-5.221832564938096860e-02
-2.603568725780035231e-02
2.691109772949784595e-02
-5.522958185629673646e-03
3.785909504506984602e-02
-4.114464655121526787e-02
-2.439178385453841941e-02
6.234664448615678117e-02
1.036102982325244962e-02
7.312763049349725597e-02
-5.529496246422742735e-04
1.097699787565970253e-01
-4.033547054693907563e-02
-1.828575197209750952e-02
-5.183245475295850807e-03
-2.923443806463562819e-02
-6.909764061158947361e-03
-1.183247381891305502e-02
5.147562548530885268e-02
2.170393596389262256e-02
-1.383534426621129548e-02
-5.529833197218040133e-03
-7.833048369621144896e-03
-2.129393436101559636e-02
2.170560135178523781e-02
-4.901962223608187681e-03
3.879768058946979348e-02
1.806005124376501569e-02
-5.997954139644506161e-02
3.786944658542501334e-03
-3.691989741032428857e-02
5.395830072435267577e-02
-4.978094237719903059e-02
-2.881551575599484993e-02
-3.739600868429004965e-02
-1.206507009279446108e-04
-2.479459630699942796e-02
-1.064692289746493534e-02
-2.464780279793862133e-02
1.186844766527565403e-01
-3.332669136440290225e-02
-3.579871096373053296e-03
-1.042487970294911637e-01
-1.800125861523206930e-02
-4.321175117705022828e-02
-4.102867959744716658e-02
5.454908946540142078e-02
7.270558301593896267e-02
8.711192830213179000e-03
1.859688102453580655e-02
-3.529927331746647579e-02
-1.260822211300434426e-01
-1.629628041660127064e-02
-4.737040033464830213e-02
5.873370369095966270e-02
-5.105278796850683254e-02
2.962382850383472183e-02
-2.260954578008341626e-02
-3.404158606411799431e-02
2.337803068105761065e-02
-2.456904649872876725e-02
2.566850279668304174e-02
3.897192538046473538e-03
4.948515589400517833e-02
2.234846477117094846e-02
-5.099619700306760178e-02
-3.761204319220777526e-02
2.422116003395926101e-03
-4.220813289230820886e-02
-3.702632336704596294e-02
7.509500903782739822e-02
1.372615608817260788e-02
-7.818497884234491824e-02
1.253992457629945871e-02
-1.814141074490529734e-02
3.244068831653856150e-02
3.931196849166257792e-03
2.768481192215350994e-02
2.470681191082655867e-02
-5.676766534926305785e-02
3.302914726783003768e-02
-5.786860003649963585e-02
3.911374531038506325e-02
-4.704017927440609648e-02
5.096081220372236653e-02
-4.336826931636358906e-02
-4.916643004951102083e-03
-4.003339270843163378e-02
8.529760105286787047e-03
7.672460836085052971e-02
6.523809122165605962e-03
-5.880701196244098559e-03
-2.968821204378013171e-03
-6.033855100890110623e-02
-1.769613793125456025e-02
1.064811160223654365e-02
-9.236801100518259727e-03
-4.612348343033315090e-02
-1.264274584455220632e-02
2.876006821809177008e-02
-1.480639205791028055e-02
-1.969642967883644333e-02
-8.546960864300617855e-02
-2.137452296246539554e-02
1.438786499269274419e-02
5.006449053025436961e-03
-7.252159767526503154e-02
4.607490797878843400e-03
3.651355513157747423e-02
-2.511152781671655010e-02
-8.477436213652006503e-02
2.976483498413534656e-02
-4.992217838230936233e-03
-4.760595890818240632e-03
4.497865252585518669e-02
-9.681472982949858655e-03
3.730370019532661813e-02
1.132223222895230611e-03
-2.823101900593446775e-02
6.883674746280139464e-03
-4.136076512005609079e-02
1.007899669011764338e-02
-3.496831280891226496e-02
-3.993773475967381248e-02
1.217022727237420943e-01
-1.592728357798963053e-03
-1.445036822640042851e-01
1.869138841195823117e-02
-2.596488484721876794e-02
6.602806411555005479e-03
-6.927664256219794037e-02
5.362288973758862209e-02
2.454291749505723222e-02
-4.855960073315922221e-02
-1.936272552525121829e-02
7.481775053703251452e-03
-5.358074598058581300e-02
-3.783128936602900977e-02
5.430784810751788233e-02
-3.575184991467615647e-02
2.488665684551912005e-02
3.787174135356709270e-02
4.102219861858802906e-03
1.594821028282883760e-02
-1.263761454969659741e-02
1.149449571817485506e-02
1.936625272515107507e-02
-5.013324427306978942e-02
1.534951816869523263e-02
-7.106403271648666087e-02
3.037216342657456103e-02
6.731573398506651706e-02
7.355479330948168880e-03
5.248010167715357055e-02
1.004069734802634679e-02
-1.718129656270224806e-02
2.780605777018349198e-02
-4.133535757094433660e-02
-3.272354223411694241e-02
2.288795375776710682e-03
-4.631594624253776438e-03
3.711060681924402416e-02
-7.545496464680465087e-02
-4.236290571809670988e-03
-5.594849643721068466e-02
-3.702222110500586610e-02
-7.790035126710865600e-03
2.653998604772371192e-02
6.952455205933488758e-03
-2.595164214154490820e-02
-3.571201632623433736e-02
5.354740711511263990e-02
-4.596374015619339773e-04
6.228336003849098239e-03
3.443950730481660366e-02
2.788415332673433236e-02
-5.031116723522053441e-03
-1.081073733112328412e-02
-1.606012594026779566e-02
1.608077669075852825e-02
-2.337278941784335512e-02
-3.440472957639505169e-02
-1.150632730251610961e-02
6.037858202310542738e-02
4.705959345722994513e-02
-4.578809961047850680e-02
3.148066318309265810e-02
4.797388217850463016e-02
-5.631951751956360518e-03
-1.729216266802529461e-02
-3.200337430706925307e-02
-1.731777352880877613e-02
5.391134941167375488e-02
-2.515953624721183057e-02
5.081571363522401769e-02
-3.641588860558911400e-02
6.116947252180911232e-02
1.483145812178771616e-01
8.069404469646939901e-03
-4.916680843734996809e-02
-1.772512766449461236e-02
1.535661937306330785e-02
2.698535957741545963e-02
1.782654800122506628e-02
-4.004512949092976781e-02
1.830034358840612954e-02
-1.745797927099036057e-02
2.214179534861179105e-02
-4.696105139819755497e-02
2.548510194722852437e-02
1.333296145603450611e-01
4.731201507795549516e-02
-3.469056717993546091e-02
-6.916694582250182410e-02
-3.717740140243050440e-02
-4.750756364698561357e-02
4.477261177597547520e-02
-3.873901846993389048e-02
-3.002209303668856508e-02
-3.359053584116068747e-02
4.168738720008464960e-02
1.744107129387726524e-02
2.512664909042120961e-02
3.646898249834036598e-02
-2.264878664757970228e-02
-3.828542051809919518e-03
2.418731454774928485e-02
5.255460539440182099e-02
-1.195039201191669398e-02
1.352440784675917450e-03
-1.451726119940816712e-02
-1.431997331318844366e-02
3.925251868622089274e-02
-3.243295542986433105e-02
-3.002221305279750840e-02
-2.240487849726278610e-02
-1.326648872498379685e-02
-9.528956797270827367e-03
5.418868670912549423e-02
-3.870343369453121355e-03
2.905046231916591504e-03
3.515774297560497752e-02
9.703132183004210820e-02
5.891457582823222960e-03
-3.741840133366402393e-02
-8.318977976170473243e-02
-3.323524991437142029e-02
6.715333773060810918e-02
3.375674420714079582e-02
-3.643519258299703772e-02
-1.033652819186889338e-02
-1.697707602955974421e-02
-1.883702267220169072e-03
-3.233342345599779510e-02
-3.558763735320820409e-02
3.625523857889645374e-02
-4.607813555721855352e-03
-7.942389036337697827e-02
4.138870186926651290e-02
-2.139898374744322179e-02
2.178094477405445595e-02
-2.501186375466620676e-02
-7.595464035058942416e-03
2.538873557813196152e-02
-6.105209147558291437e-03
-3.170670968243587823e-02
4.338996152878102884e-03
5.443031971267576000e-03
-7.732046074906108457e-02
-8.543391015110596287e-02
9.776728729360750769e-03
3.341769217748767618e-02
-1.387203270980384533e-02
1.240378922121268893e-02
-1.169616857336101476e-02
5.682222944735255965e-02
1.182390801730392321e-02
-4.011840076854879256e-02
2.193328722790708132e-02
7.370522450947471216e-02
-4.119161994053802123e-02
4.605920665695679983e-02
2.496609126403653497e-02
2.741492244204202580e-02
-6.073260452720340152e-02
-1.264493073398240304e-02
1.647597696057871014e-02
2.450988497986528181e-02
-3.617174214774714069e-02
-4.318397926376806029e-02
-4.151177261756554271e-02
-4.141292433095153380e-02
7.376380178158409295e-02
8.050211799429050907e-02
-6.588921932828278871e-02
1.345907705946135756e-02
-6.241150920182304829e-02
4.630449293742758266e-02
5.181494721907177470e-02
-1.080613682269634078e-02
1.749123487917608397e-02
-6.148352549842472231e-02
-3.312618522984513147e-02
-5.034565768414534653e-03
3.292847896669866270e-02
-5.007552528823227406e-02
-4.447936941802160121e-02
2.966395942843247716e-02
5.620120062769069086e-02
1.377728554039381499e-02
2.548171330463645107e-02
-1.637852681560274942e-02
-1.452132368147529898e-02
-6.603402451528882396e-03
7.983380329757874642e-04
-3.031928817827480097e-02
1.682279861421744982e-03
-5.257893562364876483e-03
-1.322806033027134620e-01
1.086370339323682738e-02
-3.320780332773714399e-02
-4.192011001369919110e-02
7.880650122875829111e-02
-2.054170904511027143e-02
-2.329967741605974349e-02
-6.277702986216841807e-02
1.201787271559262293e-01
4.970274579765000117e-02
7.795944258900830426e-02
8.696257508982329146e-03
8.636376005611099554e-03
-5.026193648142000120e-02
-3.468290772618725509e-02
2.893063585732617155e-02
6.788113096219001649e-03
-4.538098054231802514e-02
-6.408547599224083402e-02
-4.535728089951295700e-03
5.042926846922184125e-02
4.442937674417110627e-02
-9.964919580159721513e-03
2.224362340009666469e-02
-4.716753881101912182e-02
6.795065796727309260e-02
6.758273679002466117e-02
-2.778164264526439275e-02
-4.048872000685966449e-02
-1.796790156641480535e-02
-3.077077844744428164e-02
-8.908886640026136838e-02
6.023333651558763352e-02
-4.517050945147463303e-02
-2.510639491849906910e-02
3.874249291200908968e-02
1.002424919035305520e-02
-1.669624514701477727e-02
-1.335898255162233129e-02
-1.488139465755931520e-02
-5.243283872668629692e-03
-1.660660215034145612e-02
8.191595367216789395e-03
-7.138810278557227405e-03
-1.332188792356643267e-02
5.346144117724398181e-02
2.913464635159298405e-02
-1.762930596008345160e-02
-2.277911730116876504e-02
-9.376988878277205466e-03
-8.605333107663785605e-03
-1.046781917556457130e-02
2.129868650199261831e-02
2.737740648782266417e-02
-3.605281085528626306e-02
-7.180862146116615864e-03
2.431671096809544241e-02
-3.184536728991959470e-02
-5.017057154314290973e-02
5.949183149459388170e-02
8.464830008774295103e-03
-4.153219003935203907e-02
-8.797632458778639752e-02
-7.833393874149536737e-03
3.970911130247702092e-02
5.767707758582674843e-02
-5.019012919064767819e-02
-6.055923132781588190e-03
3.794372597517021301e-02
-4.953451873113570714e-02
1.501311146317680159e-02
1.753065338907959514e-02
4.154984049697525716e-02
5.986561092094080938e-02
3.270645970177026712e-02
1.149904131311380896e-02
-2.985985333243959192e-02
-4.828209103035664695e-02
-2.525056815368336566e-02
-1.236949592048132299e-03
-1.507734115152536795e-02
-4.206798284597303150e-02
-2.273037044544168675e-02
4.270588967071030362e-02
4.217881597347445527e-03
7.286693628558778280e-02
3.107263714445963887e-02
2.246111719096580833e-02
7.354165811501133833e-03
-5.722970194175280162e-02
-1.002320627844306526e-02
-1.150790062000839192e-01
-1.813398677441504722e-02
-1.739874404046120454e-02
2.985179321172923891e-03
1.944008515200724985e-02
5.766654943689188129e-02
1.575056191689963581e-02
-3.815134478151190056e-02
1.903122630156704048e-02
-3.374398505512618985e-03
4.914980037817345826e-03
-1.012616243099555627e-02
-1.128731466103875467e-02
-5.364985176907525327e-02
3.873104452962634892e-02
-1.521586658466283180e-02
-1.338794724094275086e-02
3.830626420710002422e-02
-4.548318436086189881e-02
4.994353189478461380e-02
1.375822650448614397e-02
7.738640466559811373e-03
4.539079793953732650e-02
-5.621066815377754981e-03
-4.617789995681868820e-02
-2.004498457247976418e-03
4.054646484624892244e-02
3.039976355154210691e-02
-2.989058832988874051e-02
5.314578409772324069e-03
3.721949087769794995e-02
-7.303163697936984611e-02
-1.076179074317588635e-01
-1.648515187824267235e-04
2.234732835148393534e-02
2.685434451389022079e-02
-1.798352598069766911e-02
1.213003360225695798e-02
3.035281959571830071e-02
-3.129707488322667347e-02
3.707311431733629342e-02
-2.312268386272084073e-02
-5.263404744529299496e-03
-3.832303564704012122e-02
-2.442303066307347642e-02
-1.959340802483972022e-02
2.589211240100940115e-02
-3.234646623843885627e-02
-4.468311275371261021e-02
-3.589605037207322519e-02
-7.471099951028024704e-03
-8.295295549714970518e-02
-3.757435972972825861e-02
1.957649108881180221e-03
-2.298887688844662366e-02
-1.525138516943842955e-02
-4.723744666550152432e-02
-8.768967239995067997e-02
4.271713059551929953e-02
3.081532306794987006e-02
-4.946300983482121438e-02
1.674546383208951744e-02
-1.830121085261106340e-02
-2.603351434241967660e-02
2.455813962274860755e-03
-4.052811368808761222e-03
2.155576633497383390e-02
-3.227930371298391027e-02
3.092750790246073453e-02
-1.012056159119749388e-01
1.716991029089339274e-02
3.985164857741504280e-02
-2.635645014471338018e-02
1.861940415967100124e-02
-1.358788205688108049e-02
6.696904271391394825e-02
7.291090804539114220e-03
-2.062635993723443278e-02
-4.069406958340220787e-03
6.067806160423024932e-03
-2.941409212167186028e-03
-6.730209519196657907e-03
4.199374972874052314e-02
1.320342530051703094e-02
-4.650545720990457987e-02
-3.895457490980924493e-03
1.199864002290475067e-02
-1.051454932217032665e-02
6.233511146655708324e-02
1.778224688803443226e-02
2.187216548144942270e-03
5.003502789309647973e-03
8.567879879990273825e-03
-1.833320289238022163e-02
3.368963807157228374e-02
-3.420969545135050388e-02
-4.799343354067523749e-03
1.552179154259413461e-02
-2.275045483429637746e-03
2.766008631053860911e-02
-2.343097153123415918e-02
-6.188608539705579142e-02
-8.788497473436823748e-03
-5.934650699421935294e-02
-1.669397801165101863e-02
1.772636111580910704e-03
3.303004441730415797e-02
6.188453043749984547e-03
3.697522508726178853e-02
-2.171796981169857310e-01
2.227715308544917297e-02
-1.109505669156038259e-02
9.035814546378816842e-03
2.323011402622994492e-02
1.144840514148772609e-02
-4.872087030182926243e-03
4.575032720743488213e-02
-1.196784886617350413e-02
1.869696640241473931e-02
-4.534593416260565557e-02
-1.754095635512790616e-02
7.082298226551298446e-03
8.106299466688583755e-02
-4.504913782447497739e-02
-6.574395357760098868e-02
-9.240264360784079464e-03
4.718489252859107280e-02
-3.224541624447262861e-02
1.283781622451869026e-02
5.594616310045914809e-02
-1.295230804779201952e-02
-1.104411324227628222e-01
1.841704026261303459e-02
-1.125554523553356709e-02
6.190028567505650309e-03
5.310405076766782501e-02
3.908985439684988308e-03
2.992069111067586357e-02
-1.382674127057069956e-02
2.507204033939094447e-03
-1.209486354953688211e-02
-3.050792650272568865e-02
-4.510363221403569656e-02
1.360314893454322820e-02
-1.574645445681948849e-02
-2.709302751148538052e-02
-7.688059959761043768e-03
3.067675183091468638e-02
-1.430465843974040299e-04
5.967774233714409626e-02
-1.026012323187680368e-02
-1.384692352384225833e-02
2.099930655121853493e-02
3.795685053918545354e-02
7.401969401932115278e-02
9.942618265720237769e-03
-5.900776608269177586e-04
-8.867793767852093223e-02
-8.909407582026620739e-03
-1.600001604844842815e-02
4.412932765337963803e-02
2.076519660283080923e-02
-2.451273500530653723e-03
2.299089528676358588e-03
-1.935958041432239013e-02
-4.880232283328160559e-02
-3.133609857650310887e-02
8.411652466238961345e-02
-2.301193403504336182e-02
-1.272878448907265314e-01
-3.461276847577660770e-02
2.539935564748851959e-02
-2.835528612683511571e-02
-8.294780411339360005e-02
9.260370261491969457e-02
4.646987192848691522e-02
-2.042496760804337827e-02
-2.701439031330812174e-02
-2.852933671204338842e-03
3.361090145879472302e-02
-6.075058408563623058e-02
1.964178150586781777e-03
1.854545224840587272e-02
-5.322597744742734588e-02
-9.361474369110734219e-04
2.352778333216675941e-02
-5.939250387468494180e-02
4.782211279599606069e-02
-2.235509063958198220e-02
-2.466726243868178417e-02
1.000689001761695049e-02
-7.013830917966336342e-02
4.215934123530515332e-02
-2.167785387834527538e-02
-4.911991606232436747e-02
7.289055828198313935e-02
2.266228884120758541e-02
-2.642270699936629871e-02
3.837639748567910070e-02
1.376734263675144163e-02
1.168131715196419652e-02
4.176257989917871692e-03
-3.358674774206723765e-03
-1.169432568786606813e-02
3.772783461105471553e-02
-3.502750101807432931e-02
-9.315708731772609106e-04
-4.351503643298711144e-02
-3.996026519645294595e-02
-9.315353329648899672e-02
-2.272029220557830395e-02
4.143583475069322064e-02
3.168861154136744240e-02
-3.434002908028668116e-02
-3.796105941141948020e-02
-1.062710670732018754e-02
-4.590498346694196763e-02
1.828694045806495208e-02
-3.090173364181705504e-02
2.799701643833701209e-02
-3.703988361172665111e-02
-2.098381668646798551e-02
-3.504083669648382776e-02
-1.650347698752868339e-02
-1.728992110570765073e-02
2.377053259928674570e-03
-4.713787372474782800e-02
2.950742611474711785e-02
1.687204460301005779e-02
2.370308065942361778e-02
1.895583793529342573e-02
1.456886535943194977e-02
4.480609411397065700e-02
-1.208427658189919693e-02
4.095291794019750159e-02
-2.560946889807154403e-02
1.967441456068604218e-03
-1.704753252130287999e-02
1.960638125159726297e-02
-2.694648183173539366e-02
-1.111424930575636693e-03
-5.464061869313211611e-02
2.211052294938351676e-02
8.698606176377380152e-04
-1.826237050483819034e-03
5.801332669873764288e-03
-1.398928391728593984e-02
-5.102650440721279157e-02
-1.028776906048486095e-01
-2.924338057991923007e-02
1.683663250130976652e-03
6.003476402227076597e-02
-4.978430018005942058e-03
-2.422429234687249397e-02
-2.670461066893011631e-02
5.059114484810470214e-02
5.383270739791851806e-02
1.264318402361802873e-01
2.022162417904923432e-02
-3.777098685208581802e-02
-7.627021381281387860e-03
1.506489767252289051e-02
2.979821772329770829e-02
-7.019686118290085000e-03
-2.293736165716148481e-02
-5.955836345099954632e-02
-3.569363137392092804e-03
4.430850096628795309e-02
2.099210598624592222e-02
-4.315806968061602217e-02
4.403302440656538252e-02
1.926989449201601742e-02
1.569121083447902118e-02
3.957737779353191765e-02
-1.121847698283686768e-03
-4.553301192657891426e-03
1.725103172502533838e-02
-2.820071312189734516e-02
-2.061099374159583095e-02
5.839368302822607604e-02
2.715203247452122742e-02
-1.448460334317507210e-03
6.366779499605011716e-02
-8.068854564136426766e-02
-1.292903859221464398e-02
4.830108514675497157e-03
-2.600749733400899155e-02
1.251508945606226962e-02
-5.060870688663340194e-02
2.349688723855569705e-02
2.922112031244278318e-02
2.801038439508036007e-02
-6.104295555772746434e-03
5.324127275598418418e-02
2.282517702796133668e-02
-4.779269948230662618e-02
-4.823821778308303061e-03
5.624748305872291632e-02
1.375763088300431709e-02
-8.398392123662300202e-03
1.240210091093187778e-02
2.868434273164003137e-03
1.580091771716015184e-02
2.401914491945728383e-02
-2.797145800796626419e-02
6.054884059728544120e-03
1.226799797001107244e-02
-1.197858516153509426e-02
-3.056397028450047113e-02
-1.132754351234169579e-02
2.896066015663594645e-02
2.682653723731058190e-02
-2.621459555334111624e-02
-6.473384560997862136e-02
-2.286620698404574076e-02
1.174282702938224052e-02
1.861322101008204208e-02
-2.413275107654839005e-02
-2.521414247563809330e-02
9.885719722656335223e-03
8.683218702983157289e-02
2.395895526182875018e-02
-9.110954040257310607e-03
-3.045947734550600791e-02
-9.046462890214836128e-02
-2.494322904203681579e-02
-3.979703168153598397e-02
4.853670519324623789e-02
-2.152436953856591909e-02
-2.676938057575642405e-01
-5.402867296365015254e-02
-4.984914404763977208e-02
8.493587553916945310e-02
-2.050971913801551139e-02
-5.134822012519486140e-03
6.059258166470866958e-02
-1.412359177258440748e-02
-1.143205631382973597e-02
-4.500733673913859256e-02
1.441713277019654113e-02
-6.190065975026489559e-02
-4.913989804269645358e-03
-5.417236106909287946e-02
3.473843918858531693e-02
-4.643148789746898153e-02
-5.928503242707012372e-03
4.276549729608267181e-02
1.576276284242190268e-02
-6.379306542391812622e-04
1.158291959365930109e-02
-6.987194651235181797e-02
4.433619731085972071e-02
-2.263821524610160410e-02
2.610076224443855925e-02
-2.440365754919865057e-02
2.737979776837685258e-02
7.208262921885642480e-03
4.433147010674777511e-02
-5.303273202583331375e-02
-3.142277250046864034e-02
-2.589363228387833032e-02
-4.840578201305774375e-02
3.491594136802451953e-02
5.966645514145912932e-03
3.216036105541256185e-02
-2.242905543650778807e-02
-6.399178478731590292e-02
-2.898988872346053985e-02
2.894952163813781579e-02
8.725768114137411047e-02
6.067291406542718590e-03
-2.058613990392264836e-02
5.615869837995178526e-02
4.044107685244736211e-02
-1.458499658242121133e-02
-4.005986694759483893e-03
-2.060222001918159823e-02
-7.766581837178113124e-03
2.764991303816557652e-02
1.014768704048499628e-02
8.076541718208542220e-02
1.381828169680049834e-03
-7.943399572457456731e-03
1.497144608644768518e-02
6.526727346898046622e-02
1.453457669248131023e-01
1.036104090887607007e-02
3.440523511501877851e-02
5.257255384065409598e-02
5.836169328078811419e-02
-8.227755866650329764e-02
6.969803744841245041e-02
1.431607695358078081e-02
8.517581747385821397e-03
7.389442911782456713e-02
-3.190865221420087754e-04
1.220078349750033063e-02
-5.256349070248984845e-02
-2.502643049246257301e-02
-1.879625473333311481e-02
9.276241871418617127e-03
-6.641119590157861831e-03
-4.890952415987352003e-02
-4.564449793492907081e-02
3.740246820506811648e-02
6.028357871250408090e-02
4.345477832992628020e-02
3.909487031739851751e-03
8.054774588661402224e-02
-6.566242946700800998e-02
-1.327606374470384661e-02
-5.046342577635114235e-02
-3.298744904953988810e-02
-5.032830151801681584e-02
1.904545708583544467e-02
4.364627597491201050e-02
-2.317166061510348915e-02
5.200439914252404094e-02
-2.362890236581927789e-02
-6.126051501712212119e-03
1.398248267779342476e-02
6.809018196942510925e-02
-6.382205450920745704e-02
4.271678606243276000e-02
-6.489572900853012721e-03
-7.857121222258010287e-04
-9.723981084280313878e-04
6.329092011718186195e-02
-9.248023954729246363e-03
2.888563012605880817e-02
2.147108929865469348e-02
5.462276219260898263e-02
5.656744454288777091e-02
2.081473662258842214e-02
-2.031327310207611120e-02
4.889896454420916173e-03
-4.192185661730732371e-02
-8.190713504785319954e-02
1.613034337400212279e-02
3.670054945693999177e-02
1.440384224930228545e-02
-2.165883608209981034e-02
-7.516166664146030178e-03
3.311128125016610940e-02
3.132014540379405437e-02
2.370687218826598650e-02
3.375437020559735046e-02
6.452045915961095168e-02
-5.784261116707045680e-03
-3.655785642367829005e-03
2.012307287397479758e-02
-1.091741699817919478e-02
-6.810030186880885669e-03
-3.569022233986524073e-02
7.037314596910875138e-03
-4.317301445098753465e-02
4.134893985591871213e-02
4.662495935768086464e-02
2.770684673284379892e-03
-5.764983726067730851e-02
-4.419830387696895013e-02
-1.315429881023359900e-02
4.201394240114431078e-02
1.663663333691712057e-02
-7.401926571826319967e-02
4.056979055245665822e-02
-7.005821476901791245e-02
-4.199078842408783541e-02
-8.872080880807094172e-02
-7.765900227822988833e-02
5.259783242659916286e-02
-2.859688887899915211e-02
-4.436763595613927441e-02
-2.897063241360552793e-02
-2.610323101895833248e-02
3.012223434565332314e-02
-2.780491556704852915e-02
-9.856041797518165504e-03
7.097407827579314821e-02
-1.922746593816086758e-02
1.342060293283229688e-03
2.041164566192516308e-02
-2.591096018429850725e-02
-2.237655162271132495e-02
-2.868614486811980283e-03
1.285060456816873760e-02
1.000663801066469481e-02
8.689724647599466473e-03
5.245055241994039247e-02
-1.750398820651589667e-03
-3.615096103924252124e-02
8.472525482842076933e-03
2.136579627212634516e-02
3.798823713412030623e-02
2.372136514575916288e-02
4.871175114963070818e-02
-8.217490926252268499e-03
-1.992156841738928347e-02
-2.516419038877447042e-02
-4.890442927458694966e-02
-2.632571569941707761e-03
-4.213734433458442286e-02
-4.289237598939098922e-02
1.054489724755099389e-01
1.250749254932845105e-02
-1.757814550642830889e-02
9.412380927350095725e-03
-7.190171144118947220e-03
-1.588817422171958510e-02
-1.908517728980115014e-02
2.701244629370709929e-02
-2.067327660431115058e-02
-4.564432464516687826e-02
6.218154926558512249e-03
5.435830228431630384e-02
-6.505477454999324116e-02
-5.614940664833833334e-02
-5.307110170518162390e-02
-6.029222933215678398e-02
-1.905034494780121976e-02
1.794574738177532941e-03
-3.722073001174968764e-03
-1.201608175974886415e-03
8.004415099236959763e-02
-3.212101201317811572e-02
-3.077316722943088806e-02
-1.917317969194049995e-02
3.167147337008306696e-02
1.087844292379622040e-02
1.867460476345417925e-02
-3.585086053775207726e-03
2.309082265472787998e-02
4.969710593390498643e-02
-3.734342064324989996e-02
-3.467652103403779523e-02
5.074667160297173518e-02
8.898571815338268990e-04
3.733794391889877669e-03
2.231151101187009780e-02
-4.710610626941037077e-02
-3.875342984156297105e-02
3.613549342914152557e-02
-1.112981595601761353e-02
-3.301439174133512233e-02
-1.333404764855504986e-02
-4.233804175474291387e-02
5.895644071977369088e-02
6.161542677492756054e-02
-4.459833930246535905e-02
2.715883666441122959e-02
7.821986342464846975e-02
-1.528191484234430603e-02
6.066752513137502884e-02
1.506236621035049808e-02
-4.299715880905891053e-04
3.093358147320459869e-02
-4.393604189743764016e-02
3.211324998862530311e-02
-5.417404698019269438e-02
8.454532540436549524e-04
-1.149381030398858097e-02
-4.112790287892464924e-02
2.693455991780447506e-02
2.781567863075080915e-02
-1.481035910604845858e-02
-2.028536169688736554e-02
1.569207283131366162e-02
-3.286458690089496312e-03
-1.273505643261499398e-02
6.171210167864596419e-02
-3.893527731478720055e-02
3.282992998057718704e-03
1.163196060135473012e-02
4.809173910180608580e-02
5.440885354533304963e-02
-2.523481525964640232e-02
-6.214128661490930100e-02
-4.500350822516308025e-02
-1.617157629811110525e-02
-4.367863925541083485e-03
-7.179931876864284468e-02
5.951483280108678386e-02
-4.247833004607778906e-02
-8.031533934703490030e-02
5.835609218719076119e-02
-5.130472316103239575e-03
-2.456227167243146825e-02
2.199402219166573386e-02
-3.140044906015132531e-03
-3.471355800981519579e-04
2.078714355696862845e-02
9.012809705772387159e-02
-6.516641445191800885e-02
2.070593477417694006e-02
9.146479407554633165e-03
-1.762597192765176513e-02
4.114552623941970799e-02
-1.207597480266465843e-02
1.470838150410488021e-03
2.265753138954466894e-02
7.922098003624623852e-03
3.376096622078765541e-02
-9.493028492295970192e-03
6.502173041545565579e-02
-2.436249683341413369e-02
-1.663768123407890348e-02
6.633861150863643030e-02
6.182468358512976242e-03
-3.218641581305316246e-02
-5.801747699812775938e-02
-3.788771009843330817e-03
-3.629976414611322307e-03
5.451932819864620250e-02
4.147042339870257895e-03
-8.402580422377922686e-02
3.248396549425587240e-03
8.859547490525998548e-02
-3.588646342420988289e-02
6.215081008241529759e-02
1.465027261181187090e-02
-5.671745199581987307e-02
6.237157300351275219e-02
-3.173907030415599323e-02
-2.165716046649325890e-02
-4.783844671070298926e-02
2.021544655916674392e-03
-2.643980954722390756e-03
-3.669373777389441094e-02
4.939775548967421936e-02
-5.684258133998914414e-02
-1.142967888212753635e-02
5.866988754745715642e-03
-1.822716483891033412e-02
2.947124513549884833e-02
-1.852009084550972767e-02
6.036514846968168979e-02
5.005291365902145642e-03
-4.510525628338540177e-02
-1.049062393932736169e-02
-1.177660531254124121e-01
6.957333538906411430e-02
4.003442744041851853e-02
-7.971793176269306724e-02
7.195056456989807996e-03
3.959379754916558802e-02
4.871568623533934286e-03
3.804598238082123468e-02
4.074913980786397383e-02
6.791166029419904403e-03
-4.283794181326639611e-02
-3.188963271602291566e-02
2.895395184059574439e-02
2.663729700750432083e-02
4.382689823201350171e-02
4.810529519475865295e-02
-1.523614062964460426e-02
-1.554719684689248593e-02
-5.914322083531049767e-02
-7.324517122909608713e-02
-6.483100216939741145e-02
5.549322553641525962e-02
-4.571322829268027049e-02
1.024849565211913976e-02
6.948865177704083296e-02
-1.098239455407066384e-02
-4.169529408410722893e-02
-8.403722125709359170e-02
-6.440933766271492687e-03
-1.043043027400555461e-01
1.202451899932142215e-02
5.793442821142532652e-03
3.532521280194100138e-02
-4.253132826371782554e-02
-3.171269529498277340e-02
7.683890717703481532e-02
5.354262187793330623e-03
2.766839278323660750e-02
1.752369775121127588e-03
-1.327074090709894592e-03
-5.912101509647809533e-02
3.818967441750276831e-02
2.203717076720367735e-02
1.197424904731089410e-02
4.009620416138607452e-02
2.142360609541560726e-02
2.343519213835065784e-02
-2.082929355019442520e-03
6.682149439259386925e-02
1.978450978665073634e-02
-1.440514672351801695e-01
4.943242698610002955e-02
1.646612597371435727e-02
-2.228925567612098299e-02
-9.693786456224083928e-03
5.479257371126337178e-02
1.302988307253067496e-02
-4.770712700187398903e-02
-5.009584873793885423e-02
7.471809467485227008e-03
-3.245679331105640053e-02
-1.079131256688974777e-02
3.353791141763232120e-02
-2.002380885024824587e-04
1.431584534874540300e-02
-1.790309121045587093e-02
4.280745034232313201e-02
-1.552185199782373307e-02
3.374109931673608537e-02
-6.968779180087944503e-02
-4.253977177407330945e-02
-1.603359046558348877e-02
-2.250452410627660008e-02
6.110528615215117185e-03
-4.266665574078627732e-03
-2.558947816737791939e-02
-7.731247488564713978e-03
-1.483609084690595131e-02
-2.939515017685495266e-02
-4.177192044862954035e-02
1.153988336851158645e-04
1.954813205691508220e-03
-5.816797516105574363e-03
-9.479143573654905466e-03
-4.832251193499066677e-02
1.855509763258102749e-04
-1.402105673901287396e-02
-6.633093681994663149e-02
5.622644302121603682e-02
5.976096990882803772e-02
8.154460082923732644e-03
6.865806081883903643e-03
-1.631344644824147400e-02
-4.300077607115632833e-02
-4.188762307195248447e-02
8.784950828729754663e-03
-9.464070076792476666e-03
-1.640670244054925897e-02
-1.136323276816475318e-02
-1.652107486647414608e-02
-6.956233484043782000e-02
3.755375185000295324e-02
-1.836664190895522658e-02
-4.594448752093278215e-02
-7.133342868422612448e-02
3.999758271087347494e-02
-2.344668740243177271e-02
6.541691660146863041e-02
-4.480217225790333185e-02
-5.756426949405902410e-02
-2.626216275663890293e-02
1.291187908785803098e-02
-7.918213336217247433e-02
-5.158240847428798015e-02
-4.706908936918207179e-03
-6.781924734562051749e-02
-4.700776843120370307e-02
1.172872669255957054e-02
3.030428920108419952e-03
-3.080396517036666955e-03
1.090807965647211733e-02
6.046465692256627888e-03
6.252092726210328744e-02
-8.099016497590451336e-02
7.877460433739439521e-03
-1.733913449282723299e-02
-2.233452760245447678e-03
-2.429013123527055951e-02
7.110621639113159920e-02
-3.150862301211625888e-02
9.932277312958541233e-04
3.506631410706292917e-02
-2.788788889223081657e-02
-3.536130970719836980e-02
-6.883846312464363126e-02
1.624786429753727682e-02
6.958602141833943391e-03
-1.989227758119483519e-02
-5.619525673270908683e-02
-2.212955643364599920e-02
-2.086223816424836314e-02
3.458630954743981654e-03
-6.821285760693600320e-02
7.813463614573718289e-05
-8.871420518147347598e-03
-1.256411248169865720e-02
1.721098290689924634e-02
-1.386187127572996447e-02
5.056481167616400096e-02
-7.408229386106624653e-03
-1.227365000625236548e-02
-4.856682929237424867e-02
6.130764591644821161e-03
-2.144981816101757324e-02
-3.598275895626522336e-02
7.394615384305732418e-03
5.343912887896198546e-03
1.213175423812268630e-02
-7.264423733462765237e-03
-8.029824174156168729e-04
-1.919120714064639411e-04
3.873819069371915030e-02
-3.045101744327180851e-02
-6.992318666378010164e-06
4.332236958016226491e-02
-1.023160464397688055e-02
-9.051218923215838263e-02
-6.431072775664442576e-02
1.592661361921166377e-02
2.468523249330133607e-03
-2.972148536622160053e-02
-9.232285936817195837e-02
4.825617736852053780e-02
7.554638505443315478e-03
-2.984019665571967933e-02
-5.226808929904664530e-02
1.120376986943836910e-02
-2.675835994866554695e-03
-7.781802855432216892e-02
5.569731912060462385e-03
4.766417436323512049e-04
-6.126122617575004148e-02
-1.482234919387642388e-02
-1.179419505049023736e-02
-1.412393743112804606e-02
-6.874261246729593267e-02
2.970596602509784079e-02
-2.883127538657834568e-02
7.198509180407109895e-03
1.007897100943789571e-02
-3.344114801245100244e-02
2.549826162477675934e-02
-4.621871867503778847e-02
-1.733198125047889782e-02
-8.407456715624135254e-03
-3.861432269292933844e-02
-1.038656537416105946e-01
-6.176475078120838291e-02
5.675339018169119759e-02
2.012462286808226058e-02
2.465281156399764390e-02
-2.784164666960936910e-02
-1.387300439448014427e-02
-2.004371543087474228e-02
-6.711186498588719851e-03
-6.973092253495964676e-02
-2.428548625025322635e-02
1.430432158833910491e-02
3.112146611729416090e-02
1.194538347096532789e-02
1.139835823625875294e-01
1.440413476357475103e-02
-6.995185333036156063e-03
9.345046817252621041e-02
-3.600530157216023236e-02
-6.038945714344213372e-02
-3.468399141959462029e-02
4.863951171614902536e-02
-9.703123504652726855e-03
2.795796754514375589e-03
8.521522019951464216e-03
6.467142501143895161e-02
-2.205696693273919221e-02
-2.648189867674129172e-02
-3.117127813157151775e-02
2.882629464534398889e-02
-5.522920130881215327e-03
-4.418535535971912509e-02
1.616972731659903351e-02
4.942890992320906479e-02
-3.293923741929366544e-02
6.093528059620211684e-02
2.673091539089727381e-02
-3.567881771590299123e-02
-5.574910247595803864e-02
2.576408008274195388e-02
4.729305378582544100e-02
-2.272984450468853307e-02
5.785639064955928890e-02
-5.554197070976270301e-02
2.323968086728983931e-02
1.870033249225374825e-02
-2.437756566713016743e-02
-5.672637503981807494e-02
7.851205269026081957e-02
-1.941133522884377210e-02
6.139278352828066165e-02
-3.709238962395930428e-02
-2.564926238549155180e-03
3.750339209395293916e-02
-2.660391222167262509e-02
-5.249756787809839453e-03
-1.795961016937889024e-02
-2.165269504530921863e-03
1.139638239876336959e-02
2.077296806950021738e-02
6.267596340335569727e-02
-8.079547983351975660e-03
7.892968004971660442e-03
-4.167727921805015195e-02
-4.686007026916196548e-03
6.030616978429158281e-02
1.326569506577641045e-03
2.648699977157123811e-02
-5.163856818313918018e-02
2.442359694569515988e-02
-2.940182702160634015e-02
-1.017419659987875702e-01
8.108791725202188841e-03
-7.740993829797235271e-02
-4.868325206254064258e-02
1.717618311739993464e-02
-1.155906348576823950e-02
-5.548890362390235947e-02
-1.211050544427748517e-02
3.451078201315946337e-02
9.005712450793196798e-05
6.754675904030526569e-03
-3.055127300214283137e-02
-6.473711896386341938e-03
2.621587219297999774e-03
-5.143312278422075903e-03
-3.252818545344095258e-02
1.044292348495252584e-02
-4.501933447301786906e-02
-7.845285349627735202e-03
2.368677954818233615e-03
3.146283378581037765e-02
1.992825282699120168e-02
2.654796844470938208e-02
2.623341186027729546e-02
6.954762497976856028e-02
4.843598476684445736e-02
5.460375723994408126e-02
6.256102476357817271e-03
-4.862383146245746052e-03
7.079071356850401286e-02
3.450711548659107786e-02
-5.886374739840363746e-02
1.423655033523008387e-02
1.411476809178720607e-02
2.856586246345899430e-02
1.905841267010575935e-02
2.639248804620570113e-02
-4.404586436567291957e-02
4.524822889986267888e-02
1.943995448706094947e-02
-2.470262312585859085e-03
-3.099879692308846538e-02
2.189052952976419317e-02
-3.031437967127554147e-04
2.311755962312947790e-02
-2.875987926514719101e-02
-3.932622893102869638e-02
1.645135163855159996e-02
-1.577076437313365206e-02
-1.753664457787743741e-02
-1.757867838598197591e-02
-3.251659151799395769e-02
-3.586232392562369031e-02
1.413229813795057604e-02
-1.935845411787669168e-02
2.729156282193903387e-04
1.866102912320059815e-02
1.747288365519549663e-02
1.513771793557290926e-02
-1.196264412819072684e-02
1.547949132874980663e-02
-3.194071306722157111e-02
-5.603194378851001495e-02
-2.031657061877789605e-02
-3.042501526527994788e-03
9.643793088334979419e-03
-4.216157230078784041e-02
3.344619107185869619e-03
-3.424265244655128049e-02
-2.799902252887668044e-02
6.499608219015198807e-02
-4.289186417692935488e-02
5.393812966286738037e-02
1.858611538319571155e-02
1.961411831793121938e-02
3.863770876449948433e-02
-1.347922514699224222e-02
2.989391869065497614e-02
2.351552397843656970e-04
-2.672088385212636336e-02
-1.429388918585748104e-02
6.460254282864991149e-02
3.804943030918116198e-02
-3.751212839684552741e-02
-5.758435022439914409e-04
4.311550937027424507e-02
-4.169040817506168561e-02
-3.468322971096204910e-02
-2.254708840762581143e-02
-3.657630083305998120e-02
-4.958437464805454109e-02
-3.763316623405606708e-03
8.884568537963800916e-02
8.685815453323737431e-03
-3.966186612872143330e-02
6.229534813423471401e-02
5.130253217025504409e-02
2.408164179488557141e-02
4.576788957148193032e-02
-7.790618575971941517e-02
-5.913497193509742456e-02
6.364906638578708697e-02
1.042778595235533713e-02
-1.615213822390029448e-03
-3.031044950165065217e-03
-4.663002925633673301e-02
1.035762909947173377e-01
9.941273426778279854e-02
2.994675995513186584e-02
-1.212956040439361685e-02
-6.506087402216229054e-02
-2.125751292675385692e-02
-3.266850575352658187e-02
-6.458910686474508833e-02
-2.797277194747259041e-02
-2.843456976254878435e-02
3.524300879133850789e-02
1.365529684964339810e-02
-5.081423598280429554e-02
3.556145451659798590e-02
-5.771607269962678033e-02
-1.510298246794335858e-02
-5.616597882917175044e-02
-7.671048841233632509e-02
1.439194108477301164e-02
4.202755714979049956e-02
-3.192257651410623787e-02
4.777549985643437386e-02
7.029402482677042652e-02
-3.252750193574622389e-02
5.528673456000406279e-03
2.552102558925687867e-02
-7.816322622125034328e-03
4.766323381191070463e-02
1.552617798412650116e-02
2.421975869362178249e-02
3.117356433100850616e-02
-2.586800691468833790e-02
-1.518981391861312820e-02
-5.403247248113178525e-02
-4.018833573940840120e-02
-1.102650671381168006e-02
5.258717945998939158e-02
4.051223192826102631e-02
-1.991950908159548575e-02
8.094362150587171290e-02
7.522733658278088487e-02
-2.216788958879404442e-02
-3.072527723630049876e-02
4.673511917178976849e-02
4.622680834279436872e-03
-1.142691236510164771e-02
2.438562401304483068e-02
-7.725986063981464882e-03
7.655051885916754409e-03
-6.446581596674055489e-03
-4.835967035161218598e-03
8.830072878488647026e-02
-4.733747683824855203e-03
-6.973519547652743539e-03
-1.124918683445407311e-02
-5.872753541000715061e-02
5.657685889237826574e-03
1.768719142821545756e-02
-1.253766994109061991e-02
3.531256675603153955e-02
-3.415419714384479444e-02
7.978132028587627683e-03
6.542226768839908002e-02
-1.412155628295473295e-02
-1.228466382817083591e-01
-5.692785850227702338e-02
-1.836567500416826787e-02
4.084136987993484263e-02
2.810064496487641242e-02
9.600923212183272437e-02
-2.288675163680229177e-02
-3.570500418970013086e-03
-2.616258554372648606e-02
-2.397479377119920291e-02
-3.947878111060100503e-02
2.398436920502226843e-02
-1.350462004427843976e-01
1.627620824958985607e-02
-4.818617595399684456e-02
-8.456326324145295448e-02
7.478069383293390465e-03
5.214016470902493872e-02
5.521952085023789508e-02
-1.637464961672490532e-02
-4.179157735781716815e-02
-2.291069854646270165e-02
1.629100198882390410e-02
1.598571267743853150e-02
3.204577287234967875e-02
-3.706406759426133374e-02
3.339634404614365976e-02
3.661278057848504214e-02
6.001198625896674715e-02
-4.362493144068897016e-02
2.271224873377342796e-04
2.056795114362627158e-02
-2.230826755879907614e-02
-1.883779865935162126e-02
-2.084346856856872723e-02
-5.088836180295912281e-02
3.120058733905350587e-02
4.719248931492281418e-03
-3.060520055760212327e-02
-1.341449369423938776e-02
1.013237088540715029e-02
-4.058125012059199399e-02
-2.393060958941596941e-02
-2.929933671869925857e-02
-3.062054825448765408e-02
4.469606888392555800e-03
-2.203392867495004154e-02
2.820819754008104668e-02
6.476563235235079097e-02
-1.986817978391368020e-02
3.152536117472072574e-02
5.438902866945678066e-02
6.245085426167207299e-02
2.577033752728274257e-02
-5.637572003732534143e-02
1.190045907645589061e-02
9.816730630655115877e-03
2.531075721510716876e-03
-2.669339964215485320e-02
-6.660109609707345890e-02
-4.896661085875029379e-03
-2.804099409486587868e-02
-5.124012737784722216e-02
-1.673194412896565706e-03
5.111658423557959713e-02
-1.299730585947991846e-01
-9.705516404518610418e-03
9.294069005550459339e-02
-6.931262080411438459e-03
-1.585815057745944973e-02
7.857947641017982293e-03
-8.184430136517295215e-03
-3.089054714097921525e-02
-1.003262994280882704e-02
-6.551280395279121538e-02
-4.980309406618113610e-02
-2.265361044000056834e-02
-2.597728081486361945e-02
2.094871805680560348e-03
-4.802547920155657984e-02
4.651939187138776771e-02
1.994449648282805437e-02
-4.011196250361809962e-02
1.889836722507543670e-02
6.258151425253230538e-02
-2.814874456771759847e-02
-2.847292671197892977e-02
-1.691056381925883784e-02
-1.640225999423832945e-02
4.641018529295867084e-02
1.901030083480646771e-04
-5.445870009027780484e-02
-4.392675185761311940e-02
-1.822818266717760732e-02
2.612250509152502786e-02
-4.536697340562175634e-02
1.730261731405868808e-02
2.329801250811694771e-02
