*Node
      1,        -200.,        -200.,           0.
      2,        -190.,        -200.,           0.
      3,        -180.,        -200.,           0.
      4,        -170.,        -200.,           0.
      5,        -160.,        -200.,           0.
      6,        -150.,        -200.,           0.
      7,        -140.,        -200.,           0.
      8,        -130.,        -200.,           0.
      9,        -120.,        -200.,           0.
     10,        -110.,        -200.,           0.
     11,        -100.,        -200.,           0.
     12,         -90.,        -200.,           0.
     13,         -80.,        -200.,           0.
     14,         -70.,        -200.,           0.
     15,         -60.,        -200.,           0.
     16,         -50.,        -200.,           0.
     17,         -40.,        -200.,           0.
     18,         -30.,        -200.,           0.
     19,         -20.,        -200.,           0.
     20,         -10.,        -200.,           0.
     21,           0.,        -200.,           0.
     22,          10.,        -200.,           0.
     23,          20.,        -200.,           0.
     24,          30.,        -200.,           0.
     25,          40.,        -200.,           0.
     26,          50.,        -200.,           0.
     27,          60.,        -200.,           0.
     28,          70.,        -200.,           0.
     29,          80.,        -200.,           0.
     30,          90.,        -200.,           0.
     31,         100.,        -200.,           0.
     32,         110.,        -200.,           0.
     33,         120.,        -200.,           0.
     34,         130.,        -200.,           0.
     35,         140.,        -200.,           0.
     36,         150.,        -200.,           0.
     37,         160.,        -200.,           0.
     38,         170.,        -200.,           0.
     39,         180.,        -200.,           0.
     40,         190.,        -200.,           0.
     41,         200.,        -200.,           0.
     42,        -200.,        -190.,           0.
     43,        -190.,        -190.,           0.
     44,        -180.,        -190.,           0.
     45,        -170.,        -190.,           0.
     46,        -160.,        -190.,           0.
     47,        -150.,        -190.,           0.
     48,        -140.,        -190.,           0.
     49,        -130.,        -190.,           0.
     50,        -120.,        -190.,           0.
     51,        -110.,        -190.,           0.
     52,        -100.,        -190.,           0.
     53,         -90.,        -190.,           0.
     54,         -80.,        -190.,           0.
     55,         -70.,        -190.,           0.
     56,         -60.,        -190.,           0.
     57,         -50.,        -190.,           0.
     58,         -40.,        -190.,           0.
     59,         -30.,        -190.,           0.
     60,         -20.,        -190.,           0.
     61,         -10.,        -190.,           0.
     62,           0.,        -190.,           0.
     63,          10.,        -190.,           0.
     64,          20.,        -190.,           0.
     65,          30.,        -190.,           0.
     66,          40.,        -190.,           0.
     67,          50.,        -190.,           0.
     68,          60.,        -190.,           0.
     69,          70.,        -190.,           0.
     70,          80.,        -190.,           0.
     71,          90.,        -190.,           0.
     72,         100.,        -190.,           0.
     73,         110.,        -190.,           0.
     74,         120.,        -190.,           0.
     75,         130.,        -190.,           0.
     76,         140.,        -190.,           0.
     77,         150.,        -190.,           0.
     78,         160.,        -190.,           0.
     79,         170.,        -190.,           0.
     80,         180.,        -190.,           0.
     81,         190.,        -190.,           0.
     82,         200.,        -190.,           0.
     83,        -200.,        -180.,           0.
     84,        -190.,        -180.,           0.
     85,        -180.,        -180.,           0.
     86,        -170.,        -180.,           0.
     87,        -160.,        -180.,           0.
     88,        -150.,        -180.,           0.
     89,        -140.,        -180.,           0.
     90,        -130.,        -180.,           0.
     91,        -120.,        -180.,           0.
     92,        -110.,        -180.,           0.
     93,        -100.,        -180.,           0.
     94,         -90.,        -180.,           0.
     95,         -80.,        -180.,           0.
     96,         -70.,        -180.,           0.
     97,         -60.,        -180.,           0.
     98,         -50.,        -180.,           0.
     99,         -40.,        -180.,           0.
    100,         -30.,        -180.,           0.
    101,         -20.,        -180.,           0.
    102,         -10.,        -180.,           0.
    103,           0.,        -180.,           0.
    104,          10.,        -180.,           0.
    105,          20.,        -180.,           0.
    106,          30.,        -180.,           0.
    107,          40.,        -180.,           0.
    108,          50.,        -180.,           0.
    109,          60.,        -180.,           0.
    110,          70.,        -180.,           0.
    111,          80.,        -180.,           0.
    112,          90.,        -180.,           0.
    113,         100.,        -180.,           0.
    114,         110.,        -180.,           0.
    115,         120.,        -180.,           0.
    116,         130.,        -180.,           0.
    117,         140.,        -180.,           0.
    118,         150.,        -180.,           0.
    119,         160.,        -180.,           0.
    120,         170.,        -180.,           0.
    121,         180.,        -180.,           0.
    122,         190.,        -180.,           0.
    123,         200.,        -180.,           0.
    124,        -200.,        -170.,           0.
    125,        -190.,        -170.,           0.
    126,        -180.,        -170.,           0.
    127,        -170.,        -170.,           0.
    128,        -160.,        -170.,           0.
    129,        -150.,        -170.,           0.
    130,        -140.,        -170.,           0.
    131,        -130.,        -170.,           0.
    132,        -120.,        -170.,           0.
    133,        -110.,        -170.,           0.
    134,        -100.,        -170.,           0.
    135,         -90.,        -170.,           0.
    136,         -80.,        -170.,           0.
    137,         -70.,        -170.,           0.
    138,         -60.,        -170.,           0.
    139,         -50.,        -170.,           0.
    140,         -40.,        -170.,           0.
    141,         -30.,        -170.,           0.
    142,         -20.,        -170.,           0.
    143,         -10.,        -170.,           0.
    144,           0.,        -170.,           0.
    145,          10.,        -170.,           0.
    146,          20.,        -170.,           0.
    147,          30.,        -170.,           0.
    148,          40.,        -170.,           0.
    149,          50.,        -170.,           0.
    150,          60.,        -170.,           0.
    151,          70.,        -170.,           0.
    152,          80.,        -170.,           0.
    153,          90.,        -170.,           0.
    154,         100.,        -170.,           0.
    155,         110.,        -170.,           0.
    156,         120.,        -170.,           0.
    157,         130.,        -170.,           0.
    158,         140.,        -170.,           0.
    159,         150.,        -170.,           0.
    160,         160.,        -170.,           0.
    161,         170.,        -170.,           0.
    162,         180.,        -170.,           0.
    163,         190.,        -170.,           0.
    164,         200.,        -170.,           0.
    165,        -200.,        -160.,           0.
    166,        -190.,        -160.,           0.
    167,        -180.,        -160.,           0.
    168,        -170.,        -160.,           0.
    169,        -160.,        -160.,           0.
    170,        -150.,        -160.,           0.
    171,        -140.,        -160.,           0.
    172,        -130.,        -160.,           0.
    173,        -120.,        -160.,           0.
    174,        -110.,        -160.,           0.
    175,        -100.,        -160.,           0.
    176,         -90.,        -160.,           0.
    177,         -80.,        -160.,           0.
    178,         -70.,        -160.,           0.
    179,         -60.,        -160.,           0.
    180,         -50.,        -160.,           0.
    181,         -40.,        -160.,           0.
    182,         -30.,        -160.,           0.
    183,         -20.,        -160.,           0.
    184,         -10.,        -160.,           0.
    185,           0.,        -160.,           0.
    186,          10.,        -160.,           0.
    187,          20.,        -160.,           0.
    188,          30.,        -160.,           0.
    189,          40.,        -160.,           0.
    190,          50.,        -160.,           0.
    191,          60.,        -160.,           0.
    192,          70.,        -160.,           0.
    193,          80.,        -160.,           0.
    194,          90.,        -160.,           0.
    195,         100.,        -160.,           0.
    196,         110.,        -160.,           0.
    197,         120.,        -160.,           0.
    198,         130.,        -160.,           0.
    199,         140.,        -160.,           0.
    200,         150.,        -160.,           0.
    201,         160.,        -160.,           0.
    202,         170.,        -160.,           0.
    203,         180.,        -160.,           0.
    204,         190.,        -160.,           0.
    205,         200.,        -160.,           0.
    206,        -200.,        -150.,           0.
    207,        -190.,        -150.,           0.
    208,        -180.,        -150.,           0.
    209,        -170.,        -150.,           0.
    210,        -160.,        -150.,           0.
    211,        -150.,        -150.,           0.
    212,        -140.,        -150.,           0.
    213,        -130.,        -150.,           0.
    214,        -120.,        -150.,           0.
    215,        -110.,        -150.,           0.
    216,        -100.,        -150.,           0.
    217,         -90.,        -150.,           0.
    218,         -80.,        -150.,           0.
    219,         -70.,        -150.,           0.
    220,         -60.,        -150.,           0.
    221,         -50.,        -150.,           0.
    222,         -40.,        -150.,           0.
    223,         -30.,        -150.,           0.
    224,         -20.,        -150.,           0.
    225,         -10.,        -150.,           0.
    226,           0.,        -150.,           0.
    227,          10.,        -150.,           0.
    228,          20.,        -150.,           0.
    229,          30.,        -150.,           0.
    230,          40.,        -150.,           0.
    231,          50.,        -150.,           0.
    232,          60.,        -150.,           0.
    233,          70.,        -150.,           0.
    234,          80.,        -150.,           0.
    235,          90.,        -150.,           0.
    236,         100.,        -150.,           0.
    237,         110.,        -150.,           0.
    238,         120.,        -150.,           0.
    239,         130.,        -150.,           0.
    240,         140.,        -150.,           0.
    241,         150.,        -150.,           0.
    242,         160.,        -150.,           0.
    243,         170.,        -150.,           0.
    244,         180.,        -150.,           0.
    245,         190.,        -150.,           0.
    246,         200.,        -150.,           0.
    247,        -200.,        -140.,           0.
    248,        -190.,        -140.,           0.
    249,        -180.,        -140.,           0.
    250,        -170.,        -140.,           0.
    251,        -160.,        -140.,           0.
    252,        -150.,        -140.,           0.
    253,        -140.,        -140.,           0.
    254,        -130.,        -140.,           0.
    255,        -120.,        -140.,           0.
    256,        -110.,        -140.,           0.
    257,        -100.,        -140.,           0.
    258,         -90.,        -140.,           0.
    259,         -80.,        -140.,           0.
    260,         -70.,        -140.,           0.
    261,         -60.,        -140.,           0.
    262,         -50.,        -140.,           0.
    263,         -40.,        -140.,           0.
    264,         -30.,        -140.,           0.
    265,         -20.,        -140.,           0.
    266,         -10.,        -140.,           0.
    267,           0.,        -140.,           0.
    268,          10.,        -140.,           0.
    269,          20.,        -140.,           0.
    270,          30.,        -140.,           0.
    271,          40.,        -140.,           0.
    272,          50.,        -140.,           0.
    273,          60.,        -140.,           0.
    274,          70.,        -140.,           0.
    275,          80.,        -140.,           0.
    276,          90.,        -140.,           0.
    277,         100.,        -140.,           0.
    278,         110.,        -140.,           0.
    279,         120.,        -140.,           0.
    280,         130.,        -140.,           0.
    281,         140.,        -140.,           0.
    282,         150.,        -140.,           0.
    283,         160.,        -140.,           0.
    284,         170.,        -140.,           0.
    285,         180.,        -140.,           0.
    286,         190.,        -140.,           0.
    287,         200.,        -140.,           0.
    288,        -200.,        -130.,           0.
    289,        -190.,        -130.,           0.
    290,        -180.,        -130.,           0.
    291,        -170.,        -130.,           0.
    292,        -160.,        -130.,           0.
    293,        -150.,        -130.,           0.
    294,        -140.,        -130.,           0.
    295,        -130.,        -130.,           0.
    296,        -120.,        -130.,           0.
    297,        -110.,        -130.,           0.
    298,        -100.,        -130.,           0.
    299,         -90.,        -130.,           0.
    300,         -80.,        -130.,           0.
    301,         -70.,        -130.,           0.
    302,         -60.,        -130.,           0.
    303,         -50.,        -130.,           0.
    304,         -40.,        -130.,           0.
    305,         -30.,        -130.,           0.
    306,         -20.,        -130.,           0.
    307,         -10.,        -130.,           0.
    308,           0.,        -130.,           0.
    309,          10.,        -130.,           0.
    310,          20.,        -130.,           0.
    311,          30.,        -130.,           0.
    312,          40.,        -130.,           0.
    313,          50.,        -130.,           0.
    314,          60.,        -130.,           0.
    315,          70.,        -130.,           0.
    316,          80.,        -130.,           0.
    317,          90.,        -130.,           0.
    318,         100.,        -130.,           0.
    319,         110.,        -130.,           0.
    320,         120.,        -130.,           0.
    321,         130.,        -130.,           0.
    322,         140.,        -130.,           0.
    323,         150.,        -130.,           0.
    324,         160.,        -130.,           0.
    325,         170.,        -130.,           0.
    326,         180.,        -130.,           0.
    327,         190.,        -130.,           0.
    328,         200.,        -130.,           0.
    329,        -200.,        -120.,           0.
    330,        -190.,        -120.,           0.
    331,        -180.,        -120.,           0.
    332,        -170.,        -120.,           0.
    333,        -160.,        -120.,           0.
    334,        -150.,        -120.,           0.
    335,        -140.,        -120.,           0.
    336,        -130.,        -120.,           0.
    337,        -120.,        -120.,           0.
    338,        -110.,        -120.,           0.
    339,        -100.,        -120.,           0.
    340,         -90.,        -120.,           0.
    341,         -80.,        -120.,           0.
    342,         -70.,        -120.,           0.
    343,         -60.,        -120.,           0.
    344,         -50.,        -120.,           0.
    345,         -40.,        -120.,           0.
    346,         -30.,        -120.,           0.
    347,         -20.,        -120.,           0.
    348,         -10.,        -120.,           0.
    349,           0.,        -120.,           0.
    350,          10.,        -120.,           0.
    351,          20.,        -120.,           0.
    352,          30.,        -120.,           0.
    353,          40.,        -120.,           0.
    354,          50.,        -120.,           0.
    355,          60.,        -120.,           0.
    356,          70.,        -120.,           0.
    357,          80.,        -120.,           0.
    358,          90.,        -120.,           0.
    359,         100.,        -120.,           0.
    360,         110.,        -120.,           0.
    361,         120.,        -120.,           0.
    362,         130.,        -120.,           0.
    363,         140.,        -120.,           0.
    364,         150.,        -120.,           0.
    365,         160.,        -120.,           0.
    366,         170.,        -120.,           0.
    367,         180.,        -120.,           0.
    368,         190.,        -120.,           0.
    369,         200.,        -120.,           0.
    370,        -200.,        -110.,           0.
    371,        -190.,        -110.,           0.
    372,        -180.,        -110.,           0.
    373,        -170.,        -110.,           0.
    374,        -160.,        -110.,           0.
    375,        -150.,        -110.,           0.
    376,        -140.,        -110.,           0.
    377,        -130.,        -110.,           0.
    378,        -120.,        -110.,           0.
    379,        -110.,        -110.,           0.
    380,        -100.,        -110.,           0.
    381,         -90.,        -110.,           0.
    382,         -80.,        -110.,           0.
    383,         -70.,        -110.,           0.
    384,         -60.,        -110.,           0.
    385,         -50.,        -110.,           0.
    386,         -40.,        -110.,           0.
    387,         -30.,        -110.,           0.
    388,         -20.,        -110.,           0.
    389,         -10.,        -110.,           0.
    390,           0.,        -110.,           0.
    391,          10.,        -110.,           0.
    392,          20.,        -110.,           0.
    393,          30.,        -110.,           0.
    394,          40.,        -110.,           0.
    395,          50.,        -110.,           0.
    396,          60.,        -110.,           0.
    397,          70.,        -110.,           0.
    398,          80.,        -110.,           0.
    399,          90.,        -110.,           0.
    400,         100.,        -110.,           0.
    401,         110.,        -110.,           0.
    402,         120.,        -110.,           0.
    403,         130.,        -110.,           0.
    404,         140.,        -110.,           0.
    405,         150.,        -110.,           0.
    406,         160.,        -110.,           0.
    407,         170.,        -110.,           0.
    408,         180.,        -110.,           0.
    409,         190.,        -110.,           0.
    410,         200.,        -110.,           0.
    411,        -200.,        -100.,           0.
    412,        -190.,        -100.,           0.
    413,        -180.,        -100.,           0.
    414,        -170.,        -100.,           0.
    415,        -160.,        -100.,           0.
    416,        -150.,        -100.,           0.
    417,        -140.,        -100.,           0.
    418,        -130.,        -100.,           0.
    419,        -120.,        -100.,           0.
    420,        -110.,        -100.,           0.
    421,        -100.,        -100.,           0.
    422,         -90.,        -100.,           0.
    423,         -80.,        -100.,           0.
    424,         -70.,        -100.,           0.
    425,         -60.,        -100.,           0.
    426,         -50.,        -100.,           0.
    427,         -40.,        -100.,           0.
    428,         -30.,        -100.,           0.
    429,         -20.,        -100.,           0.
    430,         -10.,        -100.,           0.
    431,           0.,        -100.,           0.
    432,          10.,        -100.,           0.
    433,          20.,        -100.,           0.
    434,          30.,        -100.,           0.
    435,          40.,        -100.,           0.
    436,          50.,        -100.,           0.
    437,          60.,        -100.,           0.
    438,          70.,        -100.,           0.
    439,          80.,        -100.,           0.
    440,          90.,        -100.,           0.
    441,         100.,        -100.,           0.
    442,         110.,        -100.,           0.
    443,         120.,        -100.,           0.
    444,         130.,        -100.,           0.
    445,         140.,        -100.,           0.
    446,         150.,        -100.,           0.
    447,         160.,        -100.,           0.
    448,         170.,        -100.,           0.
    449,         180.,        -100.,           0.
    450,         190.,        -100.,           0.
    451,         200.,        -100.,           0.
    452,        -200.,         -90.,           0.
    453,        -190.,         -90.,           0.
    454,        -180.,         -90.,           0.
    455,        -170.,         -90.,           0.
    456,        -160.,         -90.,           0.
    457,        -150.,         -90.,           0.
    458,        -140.,         -90.,           0.
    459,        -130.,         -90.,           0.
    460,        -120.,         -90.,           0.
    461,        -110.,         -90.,           0.
    462,        -100.,         -90.,           0.
    463,         -90.,         -90.,           0.
    464,         -80.,         -90.,           0.
    465,         -70.,         -90.,           0.
    466,         -60.,         -90.,           0.
    467,         -50.,         -90.,           0.
    468,         -40.,         -90.,           0.
    469,         -30.,         -90.,           0.
    470,         -20.,         -90.,           0.
    471,         -10.,         -90.,           0.
    472,           0.,         -90.,           0.
    473,          10.,         -90.,           0.
    474,          20.,         -90.,           0.
    475,          30.,         -90.,           0.
    476,          40.,         -90.,           0.
    477,          50.,         -90.,           0.
    478,          60.,         -90.,           0.
    479,          70.,         -90.,           0.
    480,          80.,         -90.,           0.
    481,          90.,         -90.,           0.
    482,         100.,         -90.,           0.
    483,         110.,         -90.,           0.
    484,         120.,         -90.,           0.
    485,         130.,         -90.,           0.
    486,         140.,         -90.,           0.
    487,         150.,         -90.,           0.
    488,         160.,         -90.,           0.
    489,         170.,         -90.,           0.
    490,         180.,         -90.,           0.
    491,         190.,         -90.,           0.
    492,         200.,         -90.,           0.
    493,        -200.,         -80.,           0.
    494,        -190.,         -80.,           0.
    495,        -180.,         -80.,           0.
    496,        -170.,         -80.,           0.
    497,        -160.,         -80.,           0.
    498,        -150.,         -80.,           0.
    499,        -140.,         -80.,           0.
    500,        -130.,         -80.,           0.
    501,        -120.,         -80.,           0.
    502,        -110.,         -80.,           0.
    503,        -100.,         -80.,           0.
    504,         -90.,         -80.,           0.
    505,         -80.,         -80.,           0.
    506,         -70.,         -80.,           0.
    507,         -60.,         -80.,           0.
    508,         -50.,         -80.,           0.
    509,         -40.,         -80.,           0.
    510,         -30.,         -80.,           0.
    511,         -20.,         -80.,           0.
    512,         -10.,         -80.,           0.
    513,           0.,         -80.,           0.
    514,          10.,         -80.,           0.
    515,          20.,         -80.,           0.
    516,          30.,         -80.,           0.
    517,          40.,         -80.,           0.
    518,          50.,         -80.,           0.
    519,          60.,         -80.,           0.
    520,          70.,         -80.,           0.
    521,          80.,         -80.,           0.
    522,          90.,         -80.,           0.
    523,         100.,         -80.,           0.
    524,         110.,         -80.,           0.
    525,         120.,         -80.,           0.
    526,         130.,         -80.,           0.
    527,         140.,         -80.,           0.
    528,         150.,         -80.,           0.
    529,         160.,         -80.,           0.
    530,         170.,         -80.,           0.
    531,         180.,         -80.,           0.
    532,         190.,         -80.,           0.
    533,         200.,         -80.,           0.
    534,        -200.,         -70.,           0.
    535,        -190.,         -70.,           0.
    536,        -180.,         -70.,           0.
    537,        -170.,         -70.,           0.
    538,        -160.,         -70.,           0.
    539,        -150.,         -70.,           0.
    540,        -140.,         -70.,           0.
    541,        -130.,         -70.,           0.
    542,        -120.,         -70.,           0.
    543,        -110.,         -70.,           0.
    544,        -100.,         -70.,           0.
    545,         -90.,         -70.,           0.
    546,         -80.,         -70.,           0.
    547,         -70.,         -70.,           0.
    548,         -60.,         -70.,           0.
    549,         -50.,         -70.,           0.
    550,         -40.,         -70.,           0.
    551,         -30.,         -70.,           0.
    552,         -20.,         -70.,           0.
    553,         -10.,         -70.,           0.
    554,           0.,         -70.,           0.
    555,          10.,         -70.,           0.
    556,          20.,         -70.,           0.
    557,          30.,         -70.,           0.
    558,          40.,         -70.,           0.
    559,          50.,         -70.,           0.
    560,          60.,         -70.,           0.
    561,          70.,         -70.,           0.
    562,          80.,         -70.,           0.
    563,          90.,         -70.,           0.
    564,         100.,         -70.,           0.
    565,         110.,         -70.,           0.
    566,         120.,         -70.,           0.
    567,         130.,         -70.,           0.
    568,         140.,         -70.,           0.
    569,         150.,         -70.,           0.
    570,         160.,         -70.,           0.
    571,         170.,         -70.,           0.
    572,         180.,         -70.,           0.
    573,         190.,         -70.,           0.
    574,         200.,         -70.,           0.
    575,        -200.,         -60.,           0.
    576,        -190.,         -60.,           0.
    577,        -180.,         -60.,           0.
    578,        -170.,         -60.,           0.
    579,        -160.,         -60.,           0.
    580,        -150.,         -60.,           0.
    581,        -140.,         -60.,           0.
    582,        -130.,         -60.,           0.
    583,        -120.,         -60.,           0.
    584,        -110.,         -60.,           0.
    585,        -100.,         -60.,           0.
    586,         -90.,         -60.,           0.
    587,         -80.,         -60.,           0.
    588,         -70.,         -60.,           0.
    589,         -60.,         -60.,           0.
    590,         -50.,         -60.,           0.
    591,         -40.,         -60.,           0.
    592,         -30.,         -60.,           0.
    593,         -20.,         -60.,           0.
    594,         -10.,         -60.,           0.
    595,           0.,         -60.,           0.
    596,          10.,         -60.,           0.
    597,          20.,         -60.,           0.
    598,          30.,         -60.,           0.
    599,          40.,         -60.,           0.
    600,          50.,         -60.,           0.
    601,          60.,         -60.,           0.
    602,          70.,         -60.,           0.
    603,          80.,         -60.,           0.
    604,          90.,         -60.,           0.
    605,         100.,         -60.,           0.
    606,         110.,         -60.,           0.
    607,         120.,         -60.,           0.
    608,         130.,         -60.,           0.
    609,         140.,         -60.,           0.
    610,         150.,         -60.,           0.
    611,         160.,         -60.,           0.
    612,         170.,         -60.,           0.
    613,         180.,         -60.,           0.
    614,         190.,         -60.,           0.
    615,         200.,         -60.,           0.
    616,        -200.,         -50.,           0.
    617,        -190.,         -50.,           0.
    618,        -180.,         -50.,           0.
    619,        -170.,         -50.,           0.
    620,        -160.,         -50.,           0.
    621,        -150.,         -50.,           0.
    622,        -140.,         -50.,           0.
    623,        -130.,         -50.,           0.
    624,        -120.,         -50.,           0.
    625,        -110.,         -50.,           0.
    626,        -100.,         -50.,           0.
    627,         -90.,         -50.,           0.
    628,         -80.,         -50.,           0.
    629,         -70.,         -50.,           0.
    630,         -60.,         -50.,           0.
    631,         -50.,         -50.,           0.
    632,         -40.,         -50.,           0.
    633,         -30.,         -50.,           0.
    634,         -20.,         -50.,           0.
    635,         -10.,         -50.,           0.
    636,           0.,         -50.,           0.
    637,          10.,         -50.,           0.
    638,          20.,         -50.,           0.
    639,          30.,         -50.,           0.
    640,          40.,         -50.,           0.
    641,          50.,         -50.,           0.
    642,          60.,         -50.,           0.
    643,          70.,         -50.,           0.
    644,          80.,         -50.,           0.
    645,          90.,         -50.,           0.
    646,         100.,         -50.,           0.
    647,         110.,         -50.,           0.
    648,         120.,         -50.,           0.
    649,         130.,         -50.,           0.
    650,         140.,         -50.,           0.
    651,         150.,         -50.,           0.
    652,         160.,         -50.,           0.
    653,         170.,         -50.,           0.
    654,         180.,         -50.,           0.
    655,         190.,         -50.,           0.
    656,         200.,         -50.,           0.
    657,        -200.,         -40.,           0.
    658,        -190.,         -40.,           0.
    659,        -180.,         -40.,           0.
    660,        -170.,         -40.,           0.
    661,        -160.,         -40.,           0.
    662,        -150.,         -40.,           0.
    663,        -140.,         -40.,           0.
    664,        -130.,         -40.,           0.
    665,        -120.,         -40.,           0.
    666,        -110.,         -40.,           0.
    667,        -100.,         -40.,           0.
    668,         -90.,         -40.,           0.
    669,         -80.,         -40.,           0.
    670,         -70.,         -40.,           0.
    671,         -60.,         -40.,           0.
    672,         -50.,         -40.,           0.
    673,         -40.,         -40.,           0.
    674,         -30.,         -40.,           0.
    675,         -20.,         -40.,           0.
    676,         -10.,         -40.,           0.
    677,           0.,         -40.,           0.
    678,          10.,         -40.,           0.
    679,          20.,         -40.,           0.
    680,          30.,         -40.,           0.
    681,          40.,         -40.,           0.
    682,          50.,         -40.,           0.
    683,          60.,         -40.,           0.
    684,          70.,         -40.,           0.
    685,          80.,         -40.,           0.
    686,          90.,         -40.,           0.
    687,         100.,         -40.,           0.
    688,         110.,         -40.,           0.
    689,         120.,         -40.,           0.
    690,         130.,         -40.,           0.
    691,         140.,         -40.,           0.
    692,         150.,         -40.,           0.
    693,         160.,         -40.,           0.
    694,         170.,         -40.,           0.
    695,         180.,         -40.,           0.
    696,         190.,         -40.,           0.
    697,         200.,         -40.,           0.
    698,        -200.,         -30.,           0.
    699,        -190.,         -30.,           0.
    700,        -180.,         -30.,           0.
    701,        -170.,         -30.,           0.
    702,        -160.,         -30.,           0.
    703,        -150.,         -30.,           0.
    704,        -140.,         -30.,           0.
    705,        -130.,         -30.,           0.
    706,        -120.,         -30.,           0.
    707,        -110.,         -30.,           0.
    708,        -100.,         -30.,           0.
    709,         -90.,         -30.,           0.
    710,         -80.,         -30.,           0.
    711,         -70.,         -30.,           0.
    712,         -60.,         -30.,           0.
    713,         -50.,         -30.,           0.
    714,         -40.,         -30.,           0.
    715,         -30.,         -30.,           0.
    716,         -20.,         -30.,           0.
    717,         -10.,         -30.,           0.
    718,           0.,         -30.,           0.
    719,          10.,         -30.,           0.
    720,          20.,         -30.,           0.
    721,          30.,         -30.,           0.
    722,          40.,         -30.,           0.
    723,          50.,         -30.,           0.
    724,          60.,         -30.,           0.
    725,          70.,         -30.,           0.
    726,          80.,         -30.,           0.
    727,          90.,         -30.,           0.
    728,         100.,         -30.,           0.
    729,         110.,         -30.,           0.
    730,         120.,         -30.,           0.
    731,         130.,         -30.,           0.
    732,         140.,         -30.,           0.
    733,         150.,         -30.,           0.
    734,         160.,         -30.,           0.
    735,         170.,         -30.,           0.
    736,         180.,         -30.,           0.
    737,         190.,         -30.,           0.
    738,         200.,         -30.,           0.
    739,        -200.,         -20.,           0.
    740,        -190.,         -20.,           0.
    741,        -180.,         -20.,           0.
    742,        -170.,         -20.,           0.
    743,        -160.,         -20.,           0.
    744,        -150.,         -20.,           0.
    745,        -140.,         -20.,           0.
    746,        -130.,         -20.,           0.
    747,        -120.,         -20.,           0.
    748,        -110.,         -20.,           0.
    749,        -100.,         -20.,           0.
    750,         -90.,         -20.,           0.
    751,         -80.,         -20.,           0.
    752,         -70.,         -20.,           0.
    753,         -60.,         -20.,           0.
    754,         -50.,         -20.,           0.
    755,         -40.,         -20.,           0.
    756,         -30.,         -20.,           0.
    757,         -20.,         -20.,           0.
    758,         -10.,         -20.,           0.
    759,           0.,         -20.,           0.
    760,          10.,         -20.,           0.
    761,          20.,         -20.,           0.
    762,          30.,         -20.,           0.
    763,          40.,         -20.,           0.
    764,          50.,         -20.,           0.
    765,          60.,         -20.,           0.
    766,          70.,         -20.,           0.
    767,          80.,         -20.,           0.
    768,          90.,         -20.,           0.
    769,         100.,         -20.,           0.
    770,         110.,         -20.,           0.
    771,         120.,         -20.,           0.
    772,         130.,         -20.,           0.
    773,         140.,         -20.,           0.
    774,         150.,         -20.,           0.
    775,         160.,         -20.,           0.
    776,         170.,         -20.,           0.
    777,         180.,         -20.,           0.
    778,         190.,         -20.,           0.
    779,         200.,         -20.,           0.
    780,        -200.,         -10.,           0.
    781,        -190.,         -10.,           0.
    782,        -180.,         -10.,           0.
    783,        -170.,         -10.,           0.
    784,        -160.,         -10.,           0.
    785,        -150.,         -10.,           0.
    786,        -140.,         -10.,           0.
    787,        -130.,         -10.,           0.
    788,        -120.,         -10.,           0.
    789,        -110.,         -10.,           0.
    790,        -100.,         -10.,           0.
    791,         -90.,         -10.,           0.
    792,         -80.,         -10.,           0.
    793,         -70.,         -10.,           0.
    794,         -60.,         -10.,           0.
    795,         -50.,         -10.,           0.
    796,         -40.,         -10.,           0.
    797,         -30.,         -10.,           0.
    798,         -20.,         -10.,           0.
    799,         -10.,         -10.,           0.
    800,           0.,         -10.,           0.
    801,          10.,         -10.,           0.
    802,          20.,         -10.,           0.
    803,          30.,         -10.,           0.
    804,          40.,         -10.,           0.
    805,          50.,         -10.,           0.
    806,          60.,         -10.,           0.
    807,          70.,         -10.,           0.
    808,          80.,         -10.,           0.
    809,          90.,         -10.,           0.
    810,         100.,         -10.,           0.
    811,         110.,         -10.,           0.
    812,         120.,         -10.,           0.
    813,         130.,         -10.,           0.
    814,         140.,         -10.,           0.
    815,         150.,         -10.,           0.
    816,         160.,         -10.,           0.
    817,         170.,         -10.,           0.
    818,         180.,         -10.,           0.
    819,         190.,         -10.,           0.
    820,         200.,         -10.,           0.
    821,        -200.,           0.,           0.
    822,        -190.,           0.,           0.
    823,        -180.,           0.,           0.
    824,        -170.,           0.,           0.
    825,        -160.,           0.,           0.
    826,        -150.,           0.,           0.
    827,        -140.,           0.,           0.
    828,        -130.,           0.,           0.
    829,        -120.,           0.,           0.
    830,        -110.,           0.,           0.
    831,        -100.,           0.,           0.
    832,         -90.,           0.,           0.
    833,         -80.,           0.,           0.
    834,         -70.,           0.,           0.
    835,         -60.,           0.,           0.
    836,         -50.,           0.,           0.
    837,         -40.,           0.,           0.
    838,         -30.,           0.,           0.
    839,         -20.,           0.,           0.
    840,         -10.,           0.,           0.
    841,           0.,           0.,           0.
    842,          10.,           0.,           0.
    843,          20.,           0.,           0.
    844,          30.,           0.,           0.
    845,          40.,           0.,           0.
    846,          50.,           0.,           0.
    847,          60.,           0.,           0.
    848,          70.,           0.,           0.
    849,          80.,           0.,           0.
    850,          90.,           0.,           0.
    851,         100.,           0.,           0.
    852,         110.,           0.,           0.
    853,         120.,           0.,           0.
    854,         130.,           0.,           0.
    855,         140.,           0.,           0.
    856,         150.,           0.,           0.
    857,         160.,           0.,           0.
    858,         170.,           0.,           0.
    859,         180.,           0.,           0.
    860,         190.,           0.,           0.
    861,         200.,           0.,           0.
    862,        -200.,          10.,           0.
    863,        -190.,          10.,           0.
    864,        -180.,          10.,           0.
    865,        -170.,          10.,           0.
    866,        -160.,          10.,           0.
    867,        -150.,          10.,           0.
    868,        -140.,          10.,           0.
    869,        -130.,          10.,           0.
    870,        -120.,          10.,           0.
    871,        -110.,          10.,           0.
    872,        -100.,          10.,           0.
    873,         -90.,          10.,           0.
    874,         -80.,          10.,           0.
    875,         -70.,          10.,           0.
    876,         -60.,          10.,           0.
    877,         -50.,          10.,           0.
    878,         -40.,          10.,           0.
    879,         -30.,          10.,           0.
    880,         -20.,          10.,           0.
    881,         -10.,          10.,           0.
    882,           0.,          10.,           0.
    883,          10.,          10.,           0.
    884,          20.,          10.,           0.
    885,          30.,          10.,           0.
    886,          40.,          10.,           0.
    887,          50.,          10.,           0.
    888,          60.,          10.,           0.
    889,          70.,          10.,           0.
    890,          80.,          10.,           0.
    891,          90.,          10.,           0.
    892,         100.,          10.,           0.
    893,         110.,          10.,           0.
    894,         120.,          10.,           0.
    895,         130.,          10.,           0.
    896,         140.,          10.,           0.
    897,         150.,          10.,           0.
    898,         160.,          10.,           0.
    899,         170.,          10.,           0.
    900,         180.,          10.,           0.
    901,         190.,          10.,           0.
    902,         200.,          10.,           0.
    903,        -200.,          20.,           0.
    904,        -190.,          20.,           0.
    905,        -180.,          20.,           0.
    906,        -170.,          20.,           0.
    907,        -160.,          20.,           0.
    908,        -150.,          20.,           0.
    909,        -140.,          20.,           0.
    910,        -130.,          20.,           0.
    911,        -120.,          20.,           0.
    912,        -110.,          20.,           0.
    913,        -100.,          20.,           0.
    914,         -90.,          20.,           0.
    915,         -80.,          20.,           0.
    916,         -70.,          20.,           0.
    917,         -60.,          20.,           0.
    918,         -50.,          20.,           0.
    919,         -40.,          20.,           0.
    920,         -30.,          20.,           0.
    921,         -20.,          20.,           0.
    922,         -10.,          20.,           0.
    923,           0.,          20.,           0.
    924,          10.,          20.,           0.
    925,          20.,          20.,           0.
    926,          30.,          20.,           0.
    927,          40.,          20.,           0.
    928,          50.,          20.,           0.
    929,          60.,          20.,           0.
    930,          70.,          20.,           0.
    931,          80.,          20.,           0.
    932,          90.,          20.,           0.
    933,         100.,          20.,           0.
    934,         110.,          20.,           0.
    935,         120.,          20.,           0.
    936,         130.,          20.,           0.
    937,         140.,          20.,           0.
    938,         150.,          20.,           0.
    939,         160.,          20.,           0.
    940,         170.,          20.,           0.
    941,         180.,          20.,           0.
    942,         190.,          20.,           0.
    943,         200.,          20.,           0.
    944,        -200.,          30.,           0.
    945,        -190.,          30.,           0.
    946,        -180.,          30.,           0.
    947,        -170.,          30.,           0.
    948,        -160.,          30.,           0.
    949,        -150.,          30.,           0.
    950,        -140.,          30.,           0.
    951,        -130.,          30.,           0.
    952,        -120.,          30.,           0.
    953,        -110.,          30.,           0.
    954,        -100.,          30.,           0.
    955,         -90.,          30.,           0.
    956,         -80.,          30.,           0.
    957,         -70.,          30.,           0.
    958,         -60.,          30.,           0.
    959,         -50.,          30.,           0.
    960,         -40.,          30.,           0.
    961,         -30.,          30.,           0.
    962,         -20.,          30.,           0.
    963,         -10.,          30.,           0.
    964,           0.,          30.,           0.
    965,          10.,          30.,           0.
    966,          20.,          30.,           0.
    967,          30.,          30.,           0.
    968,          40.,          30.,           0.
    969,          50.,          30.,           0.
    970,          60.,          30.,           0.
    971,          70.,          30.,           0.
    972,          80.,          30.,           0.
    973,          90.,          30.,           0.
    974,         100.,          30.,           0.
    975,         110.,          30.,           0.
    976,         120.,          30.,           0.
    977,         130.,          30.,           0.
    978,         140.,          30.,           0.
    979,         150.,          30.,           0.
    980,         160.,          30.,           0.
    981,         170.,          30.,           0.
    982,         180.,          30.,           0.
    983,         190.,          30.,           0.
    984,         200.,          30.,           0.
    985,        -200.,          40.,           0.
    986,        -190.,          40.,           0.
    987,        -180.,          40.,           0.
    988,        -170.,          40.,           0.
    989,        -160.,          40.,           0.
    990,        -150.,          40.,           0.
    991,        -140.,          40.,           0.
    992,        -130.,          40.,           0.
    993,        -120.,          40.,           0.
    994,        -110.,          40.,           0.
    995,        -100.,          40.,           0.
    996,         -90.,          40.,           0.
    997,         -80.,          40.,           0.
    998,         -70.,          40.,           0.
    999,         -60.,          40.,           0.
   1000,         -50.,          40.,           0.
   1001,         -40.,          40.,           0.
   1002,         -30.,          40.,           0.
   1003,         -20.,          40.,           0.
   1004,         -10.,          40.,           0.
   1005,           0.,          40.,           0.
   1006,          10.,          40.,           0.
   1007,          20.,          40.,           0.
   1008,          30.,          40.,           0.
   1009,          40.,          40.,           0.
   1010,          50.,          40.,           0.
   1011,          60.,          40.,           0.
   1012,          70.,          40.,           0.
   1013,          80.,          40.,           0.
   1014,          90.,          40.,           0.
   1015,         100.,          40.,           0.
   1016,         110.,          40.,           0.
   1017,         120.,          40.,           0.
   1018,         130.,          40.,           0.
   1019,         140.,          40.,           0.
   1020,         150.,          40.,           0.
   1021,         160.,          40.,           0.
   1022,         170.,          40.,           0.
   1023,         180.,          40.,           0.
   1024,         190.,          40.,           0.
   1025,         200.,          40.,           0.
   1026,        -200.,          50.,           0.
   1027,        -190.,          50.,           0.
   1028,        -180.,          50.,           0.
   1029,        -170.,          50.,           0.
   1030,        -160.,          50.,           0.
   1031,        -150.,          50.,           0.
   1032,        -140.,          50.,           0.
   1033,        -130.,          50.,           0.
   1034,        -120.,          50.,           0.
   1035,        -110.,          50.,           0.
   1036,        -100.,          50.,           0.
   1037,         -90.,          50.,           0.
   1038,         -80.,          50.,           0.
   1039,         -70.,          50.,           0.
   1040,         -60.,          50.,           0.
   1041,         -50.,          50.,           0.
   1042,         -40.,          50.,           0.
   1043,         -30.,          50.,           0.
   1044,         -20.,          50.,           0.
   1045,         -10.,          50.,           0.
   1046,           0.,          50.,           0.
   1047,          10.,          50.,           0.
   1048,          20.,          50.,           0.
   1049,          30.,          50.,           0.
   1050,          40.,          50.,           0.
   1051,          50.,          50.,           0.
   1052,          60.,          50.,           0.
   1053,          70.,          50.,           0.
   1054,          80.,          50.,           0.
   1055,          90.,          50.,           0.
   1056,         100.,          50.,           0.
   1057,         110.,          50.,           0.
   1058,         120.,          50.,           0.
   1059,         130.,          50.,           0.
   1060,         140.,          50.,           0.
   1061,         150.,          50.,           0.
   1062,         160.,          50.,           0.
   1063,         170.,          50.,           0.
   1064,         180.,          50.,           0.
   1065,         190.,          50.,           0.
   1066,         200.,          50.,           0.
   1067,        -200.,          60.,           0.
   1068,        -190.,          60.,           0.
   1069,        -180.,          60.,           0.
   1070,        -170.,          60.,           0.
   1071,        -160.,          60.,           0.
   1072,        -150.,          60.,           0.
   1073,        -140.,          60.,           0.
   1074,        -130.,          60.,           0.
   1075,        -120.,          60.,           0.
   1076,        -110.,          60.,           0.
   1077,        -100.,          60.,           0.
   1078,         -90.,          60.,           0.
   1079,         -80.,          60.,           0.
   1080,         -70.,          60.,           0.
   1081,         -60.,          60.,           0.
   1082,         -50.,          60.,           0.
   1083,         -40.,          60.,           0.
   1084,         -30.,          60.,           0.
   1085,         -20.,          60.,           0.
   1086,         -10.,          60.,           0.
   1087,           0.,          60.,           0.
   1088,          10.,          60.,           0.
   1089,          20.,          60.,           0.
   1090,          30.,          60.,           0.
   1091,          40.,          60.,           0.
   1092,          50.,          60.,           0.
   1093,          60.,          60.,           0.
   1094,          70.,          60.,           0.
   1095,          80.,          60.,           0.
   1096,          90.,          60.,           0.
   1097,         100.,          60.,           0.
   1098,         110.,          60.,           0.
   1099,         120.,          60.,           0.
   1100,         130.,          60.,           0.
   1101,         140.,          60.,           0.
   1102,         150.,          60.,           0.
   1103,         160.,          60.,           0.
   1104,         170.,          60.,           0.
   1105,         180.,          60.,           0.
   1106,         190.,          60.,           0.
   1107,         200.,          60.,           0.
   1108,        -200.,          70.,           0.
   1109,        -190.,          70.,           0.
   1110,        -180.,          70.,           0.
   1111,        -170.,          70.,           0.
   1112,        -160.,          70.,           0.
   1113,        -150.,          70.,           0.
   1114,        -140.,          70.,           0.
   1115,        -130.,          70.,           0.
   1116,        -120.,          70.,           0.
   1117,        -110.,          70.,           0.
   1118,        -100.,          70.,           0.
   1119,         -90.,          70.,           0.
   1120,         -80.,          70.,           0.
   1121,         -70.,          70.,           0.
   1122,         -60.,          70.,           0.
   1123,         -50.,          70.,           0.
   1124,         -40.,          70.,           0.
   1125,         -30.,          70.,           0.
   1126,         -20.,          70.,           0.
   1127,         -10.,          70.,           0.
   1128,           0.,          70.,           0.
   1129,          10.,          70.,           0.
   1130,          20.,          70.,           0.
   1131,          30.,          70.,           0.
   1132,          40.,          70.,           0.
   1133,          50.,          70.,           0.
   1134,          60.,          70.,           0.
   1135,          70.,          70.,           0.
   1136,          80.,          70.,           0.
   1137,          90.,          70.,           0.
   1138,         100.,          70.,           0.
   1139,         110.,          70.,           0.
   1140,         120.,          70.,           0.
   1141,         130.,          70.,           0.
   1142,         140.,          70.,           0.
   1143,         150.,          70.,           0.
   1144,         160.,          70.,           0.
   1145,         170.,          70.,           0.
   1146,         180.,          70.,           0.
   1147,         190.,          70.,           0.
   1148,         200.,          70.,           0.
   1149,        -200.,          80.,           0.
   1150,        -190.,          80.,           0.
   1151,        -180.,          80.,           0.
   1152,        -170.,          80.,           0.
   1153,        -160.,          80.,           0.
   1154,        -150.,          80.,           0.
   1155,        -140.,          80.,           0.
   1156,        -130.,          80.,           0.
   1157,        -120.,          80.,           0.
   1158,        -110.,          80.,           0.
   1159,        -100.,          80.,           0.
   1160,         -90.,          80.,           0.
   1161,         -80.,          80.,           0.
   1162,         -70.,          80.,           0.
   1163,         -60.,          80.,           0.
   1164,         -50.,          80.,           0.
   1165,         -40.,          80.,           0.
   1166,         -30.,          80.,           0.
   1167,         -20.,          80.,           0.
   1168,         -10.,          80.,           0.
   1169,           0.,          80.,           0.
   1170,          10.,          80.,           0.
   1171,          20.,          80.,           0.
   1172,          30.,          80.,           0.
   1173,          40.,          80.,           0.
   1174,          50.,          80.,           0.
   1175,          60.,          80.,           0.
   1176,          70.,          80.,           0.
   1177,          80.,          80.,           0.
   1178,          90.,          80.,           0.
   1179,         100.,          80.,           0.
   1180,         110.,          80.,           0.
   1181,         120.,          80.,           0.
   1182,         130.,          80.,           0.
   1183,         140.,          80.,           0.
   1184,         150.,          80.,           0.
   1185,         160.,          80.,           0.
   1186,         170.,          80.,           0.
   1187,         180.,          80.,           0.
   1188,         190.,          80.,           0.
   1189,         200.,          80.,           0.
   1190,        -200.,          90.,           0.
   1191,        -190.,          90.,           0.
   1192,        -180.,          90.,           0.
   1193,        -170.,          90.,           0.
   1194,        -160.,          90.,           0.
   1195,        -150.,          90.,           0.
   1196,        -140.,          90.,           0.
   1197,        -130.,          90.,           0.
   1198,        -120.,          90.,           0.
   1199,        -110.,          90.,           0.
   1200,        -100.,          90.,           0.
   1201,         -90.,          90.,           0.
   1202,         -80.,          90.,           0.
   1203,         -70.,          90.,           0.
   1204,         -60.,          90.,           0.
   1205,         -50.,          90.,           0.
   1206,         -40.,          90.,           0.
   1207,         -30.,          90.,           0.
   1208,         -20.,          90.,           0.
   1209,         -10.,          90.,           0.
   1210,           0.,          90.,           0.
   1211,          10.,          90.,           0.
   1212,          20.,          90.,           0.
   1213,          30.,          90.,           0.
   1214,          40.,          90.,           0.
   1215,          50.,          90.,           0.
   1216,          60.,          90.,           0.
   1217,          70.,          90.,           0.
   1218,          80.,          90.,           0.
   1219,          90.,          90.,           0.
   1220,         100.,          90.,           0.
   1221,         110.,          90.,           0.
   1222,         120.,          90.,           0.
   1223,         130.,          90.,           0.
   1224,         140.,          90.,           0.
   1225,         150.,          90.,           0.
   1226,         160.,          90.,           0.
   1227,         170.,          90.,           0.
   1228,         180.,          90.,           0.
   1229,         190.,          90.,           0.
   1230,         200.,          90.,           0.
   1231,        -200.,         100.,           0.
   1232,        -190.,         100.,           0.
   1233,        -180.,         100.,           0.
   1234,        -170.,         100.,           0.
   1235,        -160.,         100.,           0.
   1236,        -150.,         100.,           0.
   1237,        -140.,         100.,           0.
   1238,        -130.,         100.,           0.
   1239,        -120.,         100.,           0.
   1240,        -110.,         100.,           0.
   1241,        -100.,         100.,           0.
   1242,         -90.,         100.,           0.
   1243,         -80.,         100.,           0.
   1244,         -70.,         100.,           0.
   1245,         -60.,         100.,           0.
   1246,         -50.,         100.,           0.
   1247,         -40.,         100.,           0.
   1248,         -30.,         100.,           0.
   1249,         -20.,         100.,           0.
   1250,         -10.,         100.,           0.
   1251,           0.,         100.,           0.
   1252,          10.,         100.,           0.
   1253,          20.,         100.,           0.
   1254,          30.,         100.,           0.
   1255,          40.,         100.,           0.
   1256,          50.,         100.,           0.
   1257,          60.,         100.,           0.
   1258,          70.,         100.,           0.
   1259,          80.,         100.,           0.
   1260,          90.,         100.,           0.
   1261,         100.,         100.,           0.
   1262,         110.,         100.,           0.
   1263,         120.,         100.,           0.
   1264,         130.,         100.,           0.
   1265,         140.,         100.,           0.
   1266,         150.,         100.,           0.
   1267,         160.,         100.,           0.
   1268,         170.,         100.,           0.
   1269,         180.,         100.,           0.
   1270,         190.,         100.,           0.
   1271,         200.,         100.,           0.
   1272,        -200.,         110.,           0.
   1273,        -190.,         110.,           0.
   1274,        -180.,         110.,           0.
   1275,        -170.,         110.,           0.
   1276,        -160.,         110.,           0.
   1277,        -150.,         110.,           0.
   1278,        -140.,         110.,           0.
   1279,        -130.,         110.,           0.
   1280,        -120.,         110.,           0.
   1281,        -110.,         110.,           0.
   1282,        -100.,         110.,           0.
   1283,         -90.,         110.,           0.
   1284,         -80.,         110.,           0.
   1285,         -70.,         110.,           0.
   1286,         -60.,         110.,           0.
   1287,         -50.,         110.,           0.
   1288,         -40.,         110.,           0.
   1289,         -30.,         110.,           0.
   1290,         -20.,         110.,           0.
   1291,         -10.,         110.,           0.
   1292,           0.,         110.,           0.
   1293,          10.,         110.,           0.
   1294,          20.,         110.,           0.
   1295,          30.,         110.,           0.
   1296,          40.,         110.,           0.
   1297,          50.,         110.,           0.
   1298,          60.,         110.,           0.
   1299,          70.,         110.,           0.
   1300,          80.,         110.,           0.
   1301,          90.,         110.,           0.
   1302,         100.,         110.,           0.
   1303,         110.,         110.,           0.
   1304,         120.,         110.,           0.
   1305,         130.,         110.,           0.
   1306,         140.,         110.,           0.
   1307,         150.,         110.,           0.
   1308,         160.,         110.,           0.
   1309,         170.,         110.,           0.
   1310,         180.,         110.,           0.
   1311,         190.,         110.,           0.
   1312,         200.,         110.,           0.
   1313,        -200.,         120.,           0.
   1314,        -190.,         120.,           0.
   1315,        -180.,         120.,           0.
   1316,        -170.,         120.,           0.
   1317,        -160.,         120.,           0.
   1318,        -150.,         120.,           0.
   1319,        -140.,         120.,           0.
   1320,        -130.,         120.,           0.
   1321,        -120.,         120.,           0.
   1322,        -110.,         120.,           0.
   1323,        -100.,         120.,           0.
   1324,         -90.,         120.,           0.
   1325,         -80.,         120.,           0.
   1326,         -70.,         120.,           0.
   1327,         -60.,         120.,           0.
   1328,         -50.,         120.,           0.
   1329,         -40.,         120.,           0.
   1330,         -30.,         120.,           0.
   1331,         -20.,         120.,           0.
   1332,         -10.,         120.,           0.
   1333,           0.,         120.,           0.
   1334,          10.,         120.,           0.
   1335,          20.,         120.,           0.
   1336,          30.,         120.,           0.
   1337,          40.,         120.,           0.
   1338,          50.,         120.,           0.
   1339,          60.,         120.,           0.
   1340,          70.,         120.,           0.
   1341,          80.,         120.,           0.
   1342,          90.,         120.,           0.
   1343,         100.,         120.,           0.
   1344,         110.,         120.,           0.
   1345,         120.,         120.,           0.
   1346,         130.,         120.,           0.
   1347,         140.,         120.,           0.
   1348,         150.,         120.,           0.
   1349,         160.,         120.,           0.
   1350,         170.,         120.,           0.
   1351,         180.,         120.,           0.
   1352,         190.,         120.,           0.
   1353,         200.,         120.,           0.
   1354,        -200.,         130.,           0.
   1355,        -190.,         130.,           0.
   1356,        -180.,         130.,           0.
   1357,        -170.,         130.,           0.
   1358,        -160.,         130.,           0.
   1359,        -150.,         130.,           0.
   1360,        -140.,         130.,           0.
   1361,        -130.,         130.,           0.
   1362,        -120.,         130.,           0.
   1363,        -110.,         130.,           0.
   1364,        -100.,         130.,           0.
   1365,         -90.,         130.,           0.
   1366,         -80.,         130.,           0.
   1367,         -70.,         130.,           0.
   1368,         -60.,         130.,           0.
   1369,         -50.,         130.,           0.
   1370,         -40.,         130.,           0.
   1371,         -30.,         130.,           0.
   1372,         -20.,         130.,           0.
   1373,         -10.,         130.,           0.
   1374,           0.,         130.,           0.
   1375,          10.,         130.,           0.
   1376,          20.,         130.,           0.
   1377,          30.,         130.,           0.
   1378,          40.,         130.,           0.
   1379,          50.,         130.,           0.
   1380,          60.,         130.,           0.
   1381,          70.,         130.,           0.
   1382,          80.,         130.,           0.
   1383,          90.,         130.,           0.
   1384,         100.,         130.,           0.
   1385,         110.,         130.,           0.
   1386,         120.,         130.,           0.
   1387,         130.,         130.,           0.
   1388,         140.,         130.,           0.
   1389,         150.,         130.,           0.
   1390,         160.,         130.,           0.
   1391,         170.,         130.,           0.
   1392,         180.,         130.,           0.
   1393,         190.,         130.,           0.
   1394,         200.,         130.,           0.
   1395,        -200.,         140.,           0.
   1396,        -190.,         140.,           0.
   1397,        -180.,         140.,           0.
   1398,        -170.,         140.,           0.
   1399,        -160.,         140.,           0.
   1400,        -150.,         140.,           0.
   1401,        -140.,         140.,           0.
   1402,        -130.,         140.,           0.
   1403,        -120.,         140.,           0.
   1404,        -110.,         140.,           0.
   1405,        -100.,         140.,           0.
   1406,         -90.,         140.,           0.
   1407,         -80.,         140.,           0.
   1408,         -70.,         140.,           0.
   1409,         -60.,         140.,           0.
   1410,         -50.,         140.,           0.
   1411,         -40.,         140.,           0.
   1412,         -30.,         140.,           0.
   1413,         -20.,         140.,           0.
   1414,         -10.,         140.,           0.
   1415,           0.,         140.,           0.
   1416,          10.,         140.,           0.
   1417,          20.,         140.,           0.
   1418,          30.,         140.,           0.
   1419,          40.,         140.,           0.
   1420,          50.,         140.,           0.
   1421,          60.,         140.,           0.
   1422,          70.,         140.,           0.
   1423,          80.,         140.,           0.
   1424,          90.,         140.,           0.
   1425,         100.,         140.,           0.
   1426,         110.,         140.,           0.
   1427,         120.,         140.,           0.
   1428,         130.,         140.,           0.
   1429,         140.,         140.,           0.
   1430,         150.,         140.,           0.
   1431,         160.,         140.,           0.
   1432,         170.,         140.,           0.
   1433,         180.,         140.,           0.
   1434,         190.,         140.,           0.
   1435,         200.,         140.,           0.
   1436,        -200.,         150.,           0.
   1437,        -190.,         150.,           0.
   1438,        -180.,         150.,           0.
   1439,        -170.,         150.,           0.
   1440,        -160.,         150.,           0.
   1441,        -150.,         150.,           0.
   1442,        -140.,         150.,           0.
   1443,        -130.,         150.,           0.
   1444,        -120.,         150.,           0.
   1445,        -110.,         150.,           0.
   1446,        -100.,         150.,           0.
   1447,         -90.,         150.,           0.
   1448,         -80.,         150.,           0.
   1449,         -70.,         150.,           0.
   1450,         -60.,         150.,           0.
   1451,         -50.,         150.,           0.
   1452,         -40.,         150.,           0.
   1453,         -30.,         150.,           0.
   1454,         -20.,         150.,           0.
   1455,         -10.,         150.,           0.
   1456,           0.,         150.,           0.
   1457,          10.,         150.,           0.
   1458,          20.,         150.,           0.
   1459,          30.,         150.,           0.
   1460,          40.,         150.,           0.
   1461,          50.,         150.,           0.
   1462,          60.,         150.,           0.
   1463,          70.,         150.,           0.
   1464,          80.,         150.,           0.
   1465,          90.,         150.,           0.
   1466,         100.,         150.,           0.
   1467,         110.,         150.,           0.
   1468,         120.,         150.,           0.
   1469,         130.,         150.,           0.
   1470,         140.,         150.,           0.
   1471,         150.,         150.,           0.
   1472,         160.,         150.,           0.
   1473,         170.,         150.,           0.
   1474,         180.,         150.,           0.
   1475,         190.,         150.,           0.
   1476,         200.,         150.,           0.
   1477,        -200.,         160.,           0.
   1478,        -190.,         160.,           0.
   1479,        -180.,         160.,           0.
   1480,        -170.,         160.,           0.
   1481,        -160.,         160.,           0.
   1482,        -150.,         160.,           0.
   1483,        -140.,         160.,           0.
   1484,        -130.,         160.,           0.
   1485,        -120.,         160.,           0.
   1486,        -110.,         160.,           0.
   1487,        -100.,         160.,           0.
   1488,         -90.,         160.,           0.
   1489,         -80.,         160.,           0.
   1490,         -70.,         160.,           0.
   1491,         -60.,         160.,           0.
   1492,         -50.,         160.,           0.
   1493,         -40.,         160.,           0.
   1494,         -30.,         160.,           0.
   1495,         -20.,         160.,           0.
   1496,         -10.,         160.,           0.
   1497,           0.,         160.,           0.
   1498,          10.,         160.,           0.
   1499,          20.,         160.,           0.
   1500,          30.,         160.,           0.
   1501,          40.,         160.,           0.
   1502,          50.,         160.,           0.
   1503,          60.,         160.,           0.
   1504,          70.,         160.,           0.
   1505,          80.,         160.,           0.
   1506,          90.,         160.,           0.
   1507,         100.,         160.,           0.
   1508,         110.,         160.,           0.
   1509,         120.,         160.,           0.
   1510,         130.,         160.,           0.
   1511,         140.,         160.,           0.
   1512,         150.,         160.,           0.
   1513,         160.,         160.,           0.
   1514,         170.,         160.,           0.
   1515,         180.,         160.,           0.
   1516,         190.,         160.,           0.
   1517,         200.,         160.,           0.
   1518,        -200.,         170.,           0.
   1519,        -190.,         170.,           0.
   1520,        -180.,         170.,           0.
   1521,        -170.,         170.,           0.
   1522,        -160.,         170.,           0.
   1523,        -150.,         170.,           0.
   1524,        -140.,         170.,           0.
   1525,        -130.,         170.,           0.
   1526,        -120.,         170.,           0.
   1527,        -110.,         170.,           0.
   1528,        -100.,         170.,           0.
   1529,         -90.,         170.,           0.
   1530,         -80.,         170.,           0.
   1531,         -70.,         170.,           0.
   1532,         -60.,         170.,           0.
   1533,         -50.,         170.,           0.
   1534,         -40.,         170.,           0.
   1535,         -30.,         170.,           0.
   1536,         -20.,         170.,           0.
   1537,         -10.,         170.,           0.
   1538,           0.,         170.,           0.
   1539,          10.,         170.,           0.
   1540,          20.,         170.,           0.
   1541,          30.,         170.,           0.
   1542,          40.,         170.,           0.
   1543,          50.,         170.,           0.
   1544,          60.,         170.,           0.
   1545,          70.,         170.,           0.
   1546,          80.,         170.,           0.
   1547,          90.,         170.,           0.
   1548,         100.,         170.,           0.
   1549,         110.,         170.,           0.
   1550,         120.,         170.,           0.
   1551,         130.,         170.,           0.
   1552,         140.,         170.,           0.
   1553,         150.,         170.,           0.
   1554,         160.,         170.,           0.
   1555,         170.,         170.,           0.
   1556,         180.,         170.,           0.
   1557,         190.,         170.,           0.
   1558,         200.,         170.,           0.
   1559,        -200.,         180.,           0.
   1560,        -190.,         180.,           0.
   1561,        -180.,         180.,           0.
   1562,        -170.,         180.,           0.
   1563,        -160.,         180.,           0.
   1564,        -150.,         180.,           0.
   1565,        -140.,         180.,           0.
   1566,        -130.,         180.,           0.
   1567,        -120.,         180.,           0.
   1568,        -110.,         180.,           0.
   1569,        -100.,         180.,           0.
   1570,         -90.,         180.,           0.
   1571,         -80.,         180.,           0.
   1572,         -70.,         180.,           0.
   1573,         -60.,         180.,           0.
   1574,         -50.,         180.,           0.
   1575,         -40.,         180.,           0.
   1576,         -30.,         180.,           0.
   1577,         -20.,         180.,           0.
   1578,         -10.,         180.,           0.
   1579,           0.,         180.,           0.
   1580,          10.,         180.,           0.
   1581,          20.,         180.,           0.
   1582,          30.,         180.,           0.
   1583,          40.,         180.,           0.
   1584,          50.,         180.,           0.
   1585,          60.,         180.,           0.
   1586,          70.,         180.,           0.
   1587,          80.,         180.,           0.
   1588,          90.,         180.,           0.
   1589,         100.,         180.,           0.
   1590,         110.,         180.,           0.
   1591,         120.,         180.,           0.
   1592,         130.,         180.,           0.
   1593,         140.,         180.,           0.
   1594,         150.,         180.,           0.
   1595,         160.,         180.,           0.
   1596,         170.,         180.,           0.
   1597,         180.,         180.,           0.
   1598,         190.,         180.,           0.
   1599,         200.,         180.,           0.
   1600,        -200.,         190.,           0.
   1601,        -190.,         190.,           0.
   1602,        -180.,         190.,           0.
   1603,        -170.,         190.,           0.
   1604,        -160.,         190.,           0.
   1605,        -150.,         190.,           0.
   1606,        -140.,         190.,           0.
   1607,        -130.,         190.,           0.
   1608,        -120.,         190.,           0.
   1609,        -110.,         190.,           0.
   1610,        -100.,         190.,           0.
   1611,         -90.,         190.,           0.
   1612,         -80.,         190.,           0.
   1613,         -70.,         190.,           0.
   1614,         -60.,         190.,           0.
   1615,         -50.,         190.,           0.
   1616,         -40.,         190.,           0.
   1617,         -30.,         190.,           0.
   1618,         -20.,         190.,           0.
   1619,         -10.,         190.,           0.
   1620,           0.,         190.,           0.
   1621,          10.,         190.,           0.
   1622,          20.,         190.,           0.
   1623,          30.,         190.,           0.
   1624,          40.,         190.,           0.
   1625,          50.,         190.,           0.
   1626,          60.,         190.,           0.
   1627,          70.,         190.,           0.
   1628,          80.,         190.,           0.
   1629,          90.,         190.,           0.
   1630,         100.,         190.,           0.
   1631,         110.,         190.,           0.
   1632,         120.,         190.,           0.
   1633,         130.,         190.,           0.
   1634,         140.,         190.,           0.
   1635,         150.,         190.,           0.
   1636,         160.,         190.,           0.
   1637,         170.,         190.,           0.
   1638,         180.,         190.,           0.
   1639,         190.,         190.,           0.
   1640,         200.,         190.,           0.
   1641,        -200.,         200.,           0.
   1642,        -190.,         200.,           0.
   1643,        -180.,         200.,           0.
   1644,        -170.,         200.,           0.
   1645,        -160.,         200.,           0.
   1646,        -150.,         200.,           0.
   1647,        -140.,         200.,           0.
   1648,        -130.,         200.,           0.
   1649,        -120.,         200.,           0.
   1650,        -110.,         200.,           0.
   1651,        -100.,         200.,           0.
   1652,         -90.,         200.,           0.
   1653,         -80.,         200.,           0.
   1654,         -70.,         200.,           0.
   1655,         -60.,         200.,           0.
   1656,         -50.,         200.,           0.
   1657,         -40.,         200.,           0.
   1658,         -30.,         200.,           0.
   1659,         -20.,         200.,           0.
   1660,         -10.,         200.,           0.
   1661,           0.,         200.,           0.
   1662,          10.,         200.,           0.
   1663,          20.,         200.,           0.
   1664,          30.,         200.,           0.
   1665,          40.,         200.,           0.
   1666,          50.,         200.,           0.
   1667,          60.,         200.,           0.
   1668,          70.,         200.,           0.
   1669,          80.,         200.,           0.
   1670,          90.,         200.,           0.
   1671,         100.,         200.,           0.
   1672,         110.,         200.,           0.
   1673,         120.,         200.,           0.
   1674,         130.,         200.,           0.
   1675,         140.,         200.,           0.
   1676,         150.,         200.,           0.
   1677,         160.,         200.,           0.
   1678,         170.,         200.,           0.
   1679,         180.,         200.,           0.
   1680,         190.,         200.,           0.
   1681,         200.,         200.,           0.
